2014-10-18-10h-29m-37s-male\0 30 60 30 71 30 33 34 30 38 32 34 34 51 33 55 30 60 33 55 34 40 41 36 48 46 48 35 64 40 54 48 63 41 71
2014-10-18-10h-29m-37s-male\1 31 62 31 61 31 34 35 31 39 33 35 35 52 34 57 31 62 34 57 35 41 43 38 49 48 49 35 60 43 55 51 60 43 61
2014-10-18-10h-29m-37s-male\2 32 63 32 60 32 34 36 32 40 34 36 35 54 35 58 32 63 35 58 36 43 45 40 51 49 51 36 60 44 58 53 60 44 60
2014-10-18-10h-29m-37s-male\3 31 62 31 62 31 34 35 31 39 34 35 35 53 34 57 31 62 34 57 35 42 45 38 50 48 50 36 61 44 57 52 60 44 62
2014-10-18-10h-29m-37s-male\4 32 63 32 61 32 35 36 32 40 35 36 36 53 36 58 33 63 36 58 37 43 46 39 52 49 52 36 60 44 58 54 61 44 61
2014-10-18-10h-29m-37s-male\5 30 60 30 55 30 31 34 30 38 31 34 31 52 31 56 30 60 31 56 31 41 40 37 46 48 46 35 55 43 52 53 55 43 55
2014-10-18-10h-29m-37s-male\6 31 62 31 74 31 34 36 31 40 33 36 34 54 33 58 31 62 34 58 34 47 41 42 48 52 48 40 65 47 54 55 65 47 74
2014-10-18-10h-29m-37s-male\7 33 65 33 63 33 36 38 33 42 36 38 38 55 37 60 34 65 37 60 38 49 44 44 52 54 52 40 62 49 57 57 62 49 63
2014-10-18-10h-29m-37s-male\8 34 67 34 63 34 37 39 34 44 37 39 39 57 38 62 35 67 38 62 40 50 47 45 54 56 54 41 63 50 60 58 62 50 63
2014-10-18-10h-29m-37s-male\9 33 66 33 65 33 37 38 33 43 37 38 38 56 37 60 34 66 37 60 39 49 46 43 53 54 53 39 62 49 59 58 62 49 65
2014-10-18-10h-29m-37s-male\10 32 64 32 61 32 36 37 32 42 35 37 37 55 36 59 33 64 36 59 38 48 45 43 52 54 52 39 60 48 58 57 61 48 61
2014-10-18-10h-29m-37s-male\11 33 65 33 58 33 34 38 33 42 34 38 35 56 35 60 34 65 35 60 35 49 43 44 49 55 49 40 58 49 55 58 58 49 58
2014-10-18-10h-29m-37s-male\12 32 63 32 77 32 35 38 32 43 35 38 36 55 36 60 33 63 37 59 38 54 44 47 51 57 51 44 66 53 57 58 67 52 77
2014-10-18-10h-29m-37s-male\13 31 61 31 63 31 33 36 31 41 34 36 36 53 35 58 32 61 36 57 37 52 43 45 50 55 50 40 61 50 56 56 62 50 63
2014-10-18-10h-29m-37s-male\14 32 63 32 63 32 35 38 32 42 36 37 37 55 36 60 34 63 38 59 39 53 46 46 52 56 53 41 62 51 59 58 62 51 63
2014-10-18-10h-29m-37s-male\15 32 63 32 62 32 35 37 32 42 35 37 36 55 35 60 33 63 37 59 38 53 44 45 51 56 51 39 60 50 57 58 62 50 62
2014-10-18-10h-29m-37s-male\16 31 61 31 60 31 34 36 31 41 35 36 36 53 36 58 33 61 37 57 38 52 45 45 51 54 52 39 60 49 57 57 60 49 60
2014-10-18-10h-29m-37s-male\17 31 61 31 57 31 32 36 31 41 32 36 32 53 33 57 33 61 34 57 34 51 42 45 48 55 48 41 56 50 54 57 57 50 57
2014-10-18-10h-29m-37s-male\18 31 62 31 75 31 34 34 32 39 34 34 36 51 34 56 31 62 34 56 35 40 44 37 51 47 51 37 67 41 58 51 67 43 75
2014-10-18-10h-29m-37s-male\19 32 63 32 64 32 37 35 33 40 36 36 38 53 35 58 32 63 35 58 37 42 46 40 53 49 52 38 63 45 58 53 63 45 64
2014-10-18-10h-29m-37s-male\20 32 63 32 61 32 35 36 32 41 35 36 37 53 35 57 32 63 34 58 37 44 46 40 52 50 52 38 61 45 58 54 61 45 61
2014-10-18-10h-29m-37s-male\21 32 63 32 63 32 36 36 33 40 36 36 37 53 35 58 32 63 35 58 37 43 46 40 52 50 52 37 62 45 58 55 61 45 63
2014-10-18-10h-29m-37s-male\22 31 62 31 60 31 34 35 31 40 34 35 35 52 33 57 31 62 34 57 35 42 45 38 51 49 51 35 59 43 58 54 60 43 60
2014-10-18-10h-29m-37s-male\23 30 60 30 56 30 31 34 30 39 31 34 31 51 30 56 30 60 31 56 31 41 41 37 47 48 47 35 55 43 53 52 56 43 55
2014-10-18-10h-29m-37s-male\24 33 65 33 78 33 36 38 33 43 36 38 37 56 36 61 34 65 37 61 38 49 46 43 53 55 53 42 69 49 59 55 70 49 78
2014-10-18-10h-29m-37s-male\25 34 67 34 65 34 37 39 34 44 37 39 39 57 38 62 35 67 38 62 39 50 47 45 54 55 54 41 65 50 60 58 65 50 65
2014-10-18-10h-29m-37s-male\26 34 67 34 63 34 36 39 34 44 37 39 38 57 37 62 35 67 38 62 39 51 48 45 54 56 54 41 63 50 61 59 63 50 63
2014-10-18-10h-29m-37s-male\27 35 69 35 66 35 38 40 35 45 38 40 39 58 38 64 36 69 39 63 39 52 49 46 55 57 55 41 64 51 61 60 65 51 66
2014-10-18-10h-29m-37s-male\28 34 67 34 62 34 36 39 34 44 36 39 38 58 36 63 34 67 37 63 38 51 47 45 54 56 54 42 62 51 60 59 62 51 62
2014-10-18-10h-29m-37s-male\29 32 63 32 58 32 33 36 32 41 33 36 33 54 33 59 33 63 34 59 34 48 43 42 49 53 49 39 57 48 56 56 58 48 57
2014-10-18-10h-29m-37s-male\30 31 61 31 75 31 33 36 31 41 34 36 35 53 34 58 33 61 36 57 37 52 44 44 50 54 51 41 67 50 58 53 68 47 75
2014-10-18-10h-29m-37s-male\31 32 63 32 64 32 34 38 32 42 35 38 36 55 35 60 33 63 36 59 37 53 46 46 52 56 52 40 63 52 58 58 64 51 64
2014-10-18-10h-29m-37s-male\32 32 63 32 63 32 35 38 32 43 35 38 36 55 36 59 34 63 37 59 38 53 47 46 53 56 53 41 62 51 60 58 63 51 62
2014-10-18-10h-29m-37s-male\33 33 65 33 65 33 36 39 33 44 37 39 38 56 37 61 35 65 38 61 39 54 48 46 53 57 54 40 62 51 60 58 64 51 65
2014-10-18-10h-29m-37s-male\34 33 65 33 62 33 35 40 33 44 36 40 37 57 36 62 34 65 38 61 38 55 47 47 53 57 53 42 61 53 60 59 62 53 61
2014-10-18-10h-29m-37s-male\35 28 55 28 54 28 29 32 28 36 29 32 29 48 29 52 29 55 31 52 30 47 39 39 45 49 46 34 54 44 52 51 54 44 54
2014-10-18-10h-29m-37s-male\36 30 60 30 73 30 33 34 31 38 33 34 34 50 32 55 30 60 33 55 33 40 44 37 50 46 50 38 66 41 57 50 65 44 73
2014-10-18-10h-29m-37s-male\37 32 63 32 66 32 36 36 33 41 36 36 37 53 35 58 32 63 35 58 36 43 47 40 53 50 53 39 64 45 59 54 64 46 66
2014-10-18-10h-29m-37s-male\38 32 63 32 61 32 35 36 32 41 35 36 36 53 34 58 32 63 34 58 35 43 46 41 52 50 52 39 61 46 60 55 61 46 61
2014-10-18-10h-29m-37s-male\39 31 62 31 62 31 33 35 31 39 34 35 35 52 33 57 31 62 33 57 35 42 45 39 51 49 51 38 60 44 57 54 59 45 62
2014-10-18-10h-29m-37s-male\40 31 62 31 59 31 33 35 31 39 33 35 35 52 33 57 31 62 33 57 35 43 45 39 51 49 51 37 59 45 57 55 58 45 59
2014-10-18-10h-29m-37s-male\41 32 63 32 59 32 34 36 33 40 33 36 34 53 33 58 32 63 33 58 33 44 44 40 50 50 50 38 59 45 57 56 59 45 59
2014-10-18-10h-29m-37s-male\42 34 67 34 80 34 36 39 34 43 36 39 38 57 37 62 35 67 37 62 38 50 49 45 55 55 55 43 71 50 63 56 71 50 80
2014-10-18-10h-29m-37s-male\43 35 69 35 68 35 37 40 35 45 37 40 38 59 37 64 35 69 38 64 39 52 49 46 55 57 55 42 65 51 62 59 66 51 68
2014-10-18-10h-29m-37s-male\44 35 69 35 65 35 38 40 35 45 38 40 39 59 38 64 36 69 39 64 40 52 50 47 56 57 56 43 65 52 64 61 65 52 65
2014-10-18-10h-29m-37s-male\45 34 68 34 66 34 37 39 34 45 37 39 38 58 37 63 34 68 37 63 39 51 49 46 55 56 55 41 64 51 62 59 64 51 66
2014-10-18-10h-29m-37s-male\46 35 69 35 63 35 37 40 35 46 37 41 38 59 37 64 35 69 38 64 39 52 49 47 55 57 55 42 62 52 62 61 63 52 63
2014-10-18-10h-29m-37s-male\47 33 65 33 60 33 34 37 33 43 34 37 35 55 34 60 34 65 35 60 35 49 46 44 51 54 51 40 59 49 58 57 60 49 60
2014-10-18-10h-29m-37s-male\48 33 65 33 78 33 35 39 33 44 35 39 36 57 36 61 35 65 38 61 38 54 47 47 53 57 54 43 70 53 61 56 70 49 78
2014-10-18-10h-29m-37s-male\49 32 63 32 64 32 34 38 32 43 35 38 36 55 35 60 33 63 36 59 37 54 47 46 52 56 53 40 64 51 59 57 64 50 64
2014-10-18-10h-29m-37s-male\50 32 63 32 62 32 33 38 32 43 34 38 35 55 35 59 33 63 35 59 36 53 46 46 52 56 52 41 61 51 60 57 62 51 61
2014-10-18-10h-29m-37s-male\51 32 63 32 64 32 33 38 32 43 34 38 34 55 35 60 33 63 35 60 36 53 46 46 51 56 52 38 60 49 59 58 61 49 64
2014-10-18-10h-29m-37s-male\52 32 63 32 61 32 33 37 32 42 34 37 35 55 35 59 33 63 35 59 36 53 47 45 52 55 52 40 60 49 59 57 61 49 60
2014-10-18-10h-29m-37s-male\53 29 57 29 57 29 30 33 29 38 30 33 31 50 31 54 31 57 32 54 32 48 42 40 47 51 48 35 56 45 54 53 57 45 56
2014-10-18-15h-29m-54s-male\0 41 81 41 95 41 47 46 42 52 46 46 48 68 46 74 41 81 46 74 47 53 58 51 65 62 65 52 87 55 76 66 86 59 95
2014-10-18-15h-29m-54s-male\1 42 83 42 84 42 48 47 43 54 47 48 48 70 46 76 42 83 46 76 47 54 59 53 66 64 66 52 82 58 76 68 82 59 84
2014-10-18-15h-29m-54s-male\2 41 82 41 77 41 45 46 41 52 45 46 46 69 44 75 41 82 45 75 45 54 58 51 64 63 64 49 77 57 75 68 77 57 76
2014-10-18-15h-29m-54s-male\3 41 82 41 76 41 45 45 42 52 46 46 47 69 45 75 41 82 45 75 46 54 59 51 65 64 65 48 76 57 75 71 76 58 76
2014-10-18-15h-29m-54s-male\4 42 84 42 79 42 46 48 42 54 46 48 47 71 45 77 42 84 46 77 47 56 59 53 65 65 65 52 79 60 76 71 79 60 77
2014-10-18-15h-29m-54s-male\5 43 85 43 77 43 45 48 43 55 43 48 45 72 43 79 43 85 43 79 44 57 56 54 63 66 63 52 76 61 73 72 77 61 74
2014-10-18-15h-29m-54s-male\6 43 85 43 98 43 48 49 43 56 48 50 49 73 49 80 46 85 51 79 51 64 60 57 68 69 68 53 89 62 80 69 90 61 98
2014-10-18-15h-29m-54s-male\7 44 87 44 83 44 48 50 44 57 48 50 49 74 49 81 46 87 50 80 50 64 60 58 68 71 68 54 82 64 78 73 83 64 83
2014-10-18-15h-29m-54s-male\8 44 87 44 81 44 48 50 44 57 48 51 49 74 49 81 45 87 50 81 50 65 61 58 67 71 67 54 80 64 77 74 81 64 79
2014-10-18-15h-29m-54s-male\9 45 89 45 80 45 49 52 45 59 49 52 50 76 50 83 47 89 51 83 51 67 62 60 69 73 69 53 79 66 78 78 80 66 80
2014-10-18-15h-29m-54s-male\10 47 93 47 84 47 52 54 48 62 52 55 53 79 51 86 47 93 51 86 52 70 66 63 72 77 72 59 83 71 82 82 83 71 84
2014-10-18-15h-29m-54s-male\11 45 89 45 78 45 46 51 45 58 45 51 47 76 46 83 45 89 47 83 47 67 59 61 66 73 66 56 77 67 76 77 78 67 77
2014-10-18-15h-29m-54s-male\12 39 77 39 93 39 43 48 39 52 44 47 44 67 45 73 42 77 45 73 47 66 57 58 63 69 63 51 84 63 76 64 84 59 93
2014-10-18-15h-29m-54s-male\13 39 77 39 77 39 42 46 39 51 42 46 43 67 43 74 41 77 45 73 45 64 55 56 62 67 62 50 77 62 72 67 77 61 77
2014-10-18-15h-29m-54s-male\14 40 79 40 77 40 43 47 40 52 43 47 44 68 45 74 42 79 46 74 46 65 58 57 64 69 64 50 76 61 74 68 77 61 76
2014-10-18-15h-29m-54s-male\15 40 79 40 75 40 43 46 40 52 43 46 44 68 44 75 42 79 46 74 47 65 57 56 63 68 63 48 74 61 74 70 75 60 75
2014-10-18-15h-29m-54s-male\16 41 81 41 78 41 44 48 41 54 44 48 45 70 45 77 43 81 47 76 47 66 57 58 64 70 64 52 76 63 74 71 78 63 76
2014-10-18-15h-29m-54s-male\17 39 77 39 74 39 40 46 39 51 40 46 41 67 41 73 42 77 44 72 43 63 53 55 59 67 59 49 72 60 70 68 74 60 72
2014-10-18-15h-29m-54s-male\18 43 85 43 95 43 48 48 43 55 47 49 49 72 46 78 43 85 46 78 48 58 60 55 67 66 67 58 88 61 79 72 87 65 95
2014-10-18-15h-29m-54s-male\19 43 85 43 83 43 47 49 43 55 46 49 48 72 45 78 43 85 46 78 47 59 60 55 66 67 66 56 81 63 76 73 81 63 83
2014-10-18-15h-29m-54s-male\20 43 85 43 78 43 47 48 44 55 47 48 48 72 46 78 43 85 46 78 47 58 60 55 67 66 66 53 78 61 76 73 78 61 77
2014-10-18-15h-29m-54s-male\21 44 87 44 78 44 48 49 44 56 47 50 49 73 46 80 44 87 47 80 48 59 60 56 67 69 67 53 77 62 76 78 77 62 78
2014-10-18-15h-29m-54s-male\22 43 85 43 79 43 47 48 44 55 46 49 48 72 46 78 43 85 46 78 47 57 60 55 67 67 67 54 79 62 77 73 79 62 79
2014-10-18-15h-29m-54s-male\23 42 83 42 76 42 45 47 43 54 43 47 45 71 42 77 42 83 43 77 44 56 56 54 63 66 63 53 75 61 73 72 76 61 75
2014-10-18-15h-29m-54s-male\24 44 87 44 97 44 48 50 44 57 48 50 49 74 48 82 46 87 50 81 50 65 62 59 69 71 69 56 88 65 80 71 89 64 97
2014-10-18-15h-29m-54s-male\25 45 89 45 87 45 49 52 45 58 48 52 50 75 48 84 47 89 50 83 51 67 62 60 68 73 68 57 84 66 79 75 85 66 87
2014-10-18-15h-29m-54s-male\26 45 89 45 81 45 48 52 45 58 47 52 49 76 48 83 46 89 49 83 50 67 61 61 68 73 68 57 81 67 79 76 81 67 81
2014-10-18-15h-29m-54s-male\27 44 88 44 78 44 48 51 44 58 47 51 49 76 47 82 45 88 48 82 49 66 61 59 67 73 67 53 76 66 76 78 77 66 78
2014-10-18-15h-29m-54s-male\28 45 89 45 82 45 49 51 45 59 48 52 50 76 49 83 46 89 50 83 51 67 62 60 69 74 69 56 81 67 78 77 82 67 81
2014-10-18-15h-29m-54s-male\29 44 87 44 77 44 45 50 44 57 44 50 46 74 44 82 45 87 46 82 47 65 57 58 64 72 64 54 76 65 74 75 77 65 76
2014-10-18-15h-29m-54s-male\30 36 71 36 89 36 39 44 36 48 39 43 41 62 41 68 39 71 42 67 43 62 54 52 60 64 61 46 79 58 71 60 79 54 89
2014-10-18-15h-29m-54s-male\31 39 77 39 79 39 42 47 39 53 43 47 44 67 44 73 42 77 45 73 46 65 57 56 64 67 64 50 77 61 73 67 78 60 79
2014-10-18-15h-29m-54s-male\32 39 77 39 75 39 42 47 39 52 43 46 44 67 44 74 42 77 46 73 46 64 57 55 64 67 64 48 74 61 72 68 75 60 75
2014-10-18-15h-29m-54s-male\33 40 79 40 76 40 43 48 40 54 44 48 45 68 45 75 43 79 46 74 47 66 58 56 65 69 65 46 73 62 73 71 75 61 76
2014-10-18-15h-29m-54s-male\34 39 77 39 76 39 41 46 39 52 42 45 44 66 44 73 41 77 45 72 45 63 57 54 63 66 64 48 75 61 73 67 76 60 75
2014-10-18-15h-29m-54s-male\35 38 75 38 72 38 39 45 38 50 39 45 41 65 40 72 41 75 43 71 43 62 53 53 59 65 60 46 71 59 68 65 72 58 71
2014-10-18-15h-29m-54s-male\36 43 85 43 95 43 48 48 44 54 46 49 48 71 45 78 43 85 45 78 47 57 63 56 69 68 69 60 87 63 79 77 86 70 95
2014-10-18-15h-29m-54s-male\37 44 87 44 90 44 49 49 46 56 48 50 50 72 46 79 44 87 46 79 47 59 64 58 69 69 68 58 83 63 78 76 83 66 90
2014-10-18-15h-29m-54s-male\38 44 87 44 81 44 48 49 46 56 47 50 49 73 46 80 44 87 45 80 48 60 64 57 69 70 69 58 78 65 78 80 78 66 81
2014-10-18-15h-29m-54s-male\39 44 87 44 78 44 47 49 45 55 46 49 49 73 46 80 44 87 45 81 47 61 63 57 67 71 67 57 76 65 76 81 74 66 78
2014-10-18-15h-29m-54s-male\40 44 87 44 80 44 48 49 45 56 47 50 49 72 45 80 44 87 45 80 48 60 63 58 67 71 67 60 79 66 78 79 79 67 80
2014-10-18-15h-29m-54s-male\41 43 85 43 78 43 46 48 46 54 45 48 48 71 44 78 44 85 43 78 46 59 61 56 65 68 65 57 77 64 75 77 76 65 78
2014-10-18-15h-29m-54s-male\42 47 93 47 96 47 49 55 47 62 49 55 51 79 49 87 48 93 50 87 52 70 65 63 72 76 72 60 88 69 82 75 88 68 96
2014-10-18-15h-29m-54s-male\43 46 92 46 83 46 47 53 46 60 47 53 49 78 47 86 46 92 47 86 49 69 63 62 69 75 69 58 81 68 78 78 81 68 83
2014-10-18-15h-29m-54s-male\44 47 94 47 81 47 49 54 47 62 48 54 51 79 49 88 47 94 49 88 51 70 64 64 70 77 70 59 79 70 79 80 79 70 81
2014-10-18-15h-29m-54s-male\45 46 92 46 79 46 48 52 46 59 47 53 49 78 47 87 46 92 48 87 49 69 63 62 69 75 69 57 77 69 77 80 77 69 79
2014-10-18-15h-29m-54s-male\46 46 92 46 80 46 47 53 46 60 47 53 49 78 47 86 46 92 47 86 49 68 63 62 69 76 69 58 79 69 78 79 79 69 80
2014-10-18-15h-29m-54s-male\47 44 87 44 77 44 45 50 46 56 44 50 47 74 44 81 45 87 44 81 47 65 60 58 65 71 65 54 76 65 75 75 76 65 77
2014-10-18-15h-29m-54s-male\48 35 69 35 88 35 38 42 35 47 38 42 40 60 40 66 38 69 41 66 42 59 57 48 62 59 62 39 79 53 73 52 81 45 88
2014-10-18-15h-29m-54s-male\49 38 75 38 76 38 40 45 38 51 40 45 41 65 41 72 39 75 42 71 43 62 57 52 62 64 62 46 75 58 71 61 76 57 76
2014-10-18-15h-29m-54s-male\50 38 75 38 74 38 40 45 38 51 40 45 42 66 41 72 40 75 42 72 43 62 58 51 62 63 63 45 72 59 71 63 73 58 74
2014-10-18-15h-29m-54s-male\51 39 77 39 72 39 40 47 39 53 41 47 42 67 42 74 41 77 43 73 44 63 57 54 62 66 62 46 70 60 70 66 68 59 72
2014-10-18-15h-29m-54s-male\52 39 77 39 74 39 40 46 39 52 41 46 43 67 42 74 41 77 43 73 44 63 57 53 63 65 63 48 74 60 72 65 74 59 74
2014-10-18-15h-29m-54s-male\53 37 73 37 70 37 37 43 38 49 37 43 40 64 38 70 39 73 41 69 41 60 53 51 58 62 58 45 69 57 68 62 70 56 70
2014-10-18-16h-38m-29s-male\0 38 75 38 78 38 42 42 38 47 41 43 42 62 42 68 38 75 43 68 43 50 48 46 55 58 55 46 70 50 64 63 71 52 78
2014-10-18-16h-38m-29s-male\1 36 72 36 71 36 41 40 36 44 39 41 41 60 40 66 37 72 41 66 41 48 46 44 54 56 53 43 67 50 62 61 67 50 71
2014-10-18-16h-38m-29s-male\2 36 72 36 64 36 40 39 36 44 38 40 41 59 39 65 36 72 40 66 41 48 47 45 54 55 54 41 64 49 62 61 64 49 64
2014-10-18-16h-38m-29s-male\3 37 74 37 65 37 41 41 37 47 41 42 41 60 40 66 37 74 41 67 41 49 49 45 56 57 55 43 64 50 63 62 64 50 65
2014-10-18-16h-38m-29s-male\4 38 76 38 69 38 42 42 38 48 41 43 43 63 42 69 38 76 42 69 43 52 51 48 58 59 58 46 67 54 67 66 67 54 69
2014-10-18-16h-38m-29s-male\5 37 74 37 64 37 38 41 37 47 37 42 38 61 38 68 38 74 38 68 39 50 48 46 54 58 54 43 63 52 63 64 63 52 64
2014-10-18-16h-38m-29s-male\6 41 81 41 84 41 46 49 41 55 45 49 46 69 45 76 42 81 48 75 48 62 51 56 60 68 60 50 76 60 69 71 77 60 84
2014-10-18-16h-38m-29s-male\7 40 79 40 77 40 45 46 40 52 44 46 45 67 45 75 42 79 47 74 47 60 52 53 59 66 60 48 73 58 68 69 74 58 77
2014-10-18-16h-38m-29s-male\8 40 79 40 70 40 44 46 40 53 43 46 45 67 44 74 41 79 46 73 46 59 51 53 59 65 59 48 68 59 68 70 69 59 70
2014-10-18-16h-38m-29s-male\9 41 81 41 71 41 46 47 41 54 45 48 46 68 46 75 42 81 47 75 47 61 54 55 60 67 60 49 70 61 69 72 70 61 71
2014-10-18-16h-38m-29s-male\10 40 79 40 71 40 44 46 40 52 44 46 45 67 45 73 41 79 45 73 46 60 53 53 61 65 61 49 70 59 69 70 71 59 71
2014-10-18-16h-38m-29s-male\11 40 79 40 67 40 41 46 40 52 40 46 41 66 41 73 41 79 42 73 42 59 49 54 57 65 57 49 66 59 65 70 66 59 67
2014-10-18-16h-38m-29s-male\12 36 71 36 80 36 40 43 36 49 40 43 41 63 40 68 39 71 43 67 43 61 48 51 55 64 56 44 69 59 64 62 75 55 80
2014-10-18-16h-38m-29s-male\13 36 71 36 75 36 40 43 36 49 40 43 41 63 41 68 39 71 43 67 44 61 49 52 55 63 56 44 69 59 64 63 71 57 75
2014-10-18-16h-38m-29s-male\14 36 71 36 67 36 39 43 36 49 40 43 41 62 41 68 39 71 43 67 44 61 49 53 56 63 56 46 66 59 64 65 67 59 67
2014-10-18-16h-38m-29s-male\15 37 73 37 67 37 40 45 37 50 41 45 41 64 42 70 40 73 43 69 44 62 50 54 56 65 57 46 66 61 65 66 67 60 67
2014-10-18-16h-38m-29s-male\16 37 73 37 69 37 40 44 37 51 41 44 42 64 42 70 40 73 44 69 45 62 52 53 58 65 59 46 68 60 66 66 69 60 68
2014-10-18-16h-38m-29s-male\17 38 75 38 66 38 39 45 38 52 39 45 39 65 41 71 41 75 43 71 42 63 49 54 55 65 56 48 65 61 64 68 66 60 66
2014-10-18-16h-38m-29s-male\18 38 75 38 79 38 41 42 38 47 40 42 42 62 41 68 38 75 42 68 43 51 47 46 55 59 55 44 72 50 64 63 73 53 79
2014-10-18-16h-38m-29s-male\19 40 79 40 74 40 43 45 40 51 43 45 44 65 43 72 42 79 46 72 46 55 50 50 57 62 57 47 71 54 66 66 71 55 74
2014-10-18-16h-38m-29s-male\20 39 77 39 68 39 42 43 39 50 42 44 43 64 42 71 41 77 44 71 44 54 50 49 57 60 57 45 67 55 66 66 68 55 67
2014-10-18-16h-38m-29s-male\21 39 77 39 67 39 42 43 39 49 41 44 42 64 42 70 40 77 44 70 44 53 50 48 56 60 56 45 66 54 65 67 66 54 67
2014-10-18-16h-38m-29s-male\22 39 77 39 69 39 41 43 39 49 41 43 43 64 42 70 40 77 43 70 44 53 50 48 57 60 57 44 68 54 65 65 69 54 67
2014-10-18-16h-38m-29s-male\23 39 77 39 67 39 40 44 39 50 40 44 40 65 41 72 41 77 42 71 42 54 48 49 56 61 56 45 66 54 65 66 67 54 67
2014-10-18-16h-38m-29s-male\24 40 79 40 81 40 43 46 40 52 42 47 43 67 43 74 41 79 45 74 45 60 48 53 57 66 57 49 74 59 65 68 75 59 81
2014-10-18-16h-38m-29s-male\25 40 79 40 71 40 43 46 40 53 42 46 44 67 43 74 41 79 45 73 45 59 50 53 57 66 57 49 68 59 65 70 69 59 71
2014-10-18-16h-38m-29s-male\26 40 79 40 69 40 43 45 40 52 43 46 44 66 44 73 42 79 45 72 46 59 50 53 58 65 58 48 68 59 66 69 69 59 68
2014-10-18-16h-38m-29s-male\27 40 79 40 70 40 44 46 40 53 44 46 45 67 44 73 42 79 45 73 46 60 52 54 58 66 58 48 68 60 68 71 68 60 70
2014-10-18-16h-38m-29s-male\28 40 79 40 70 40 43 45 40 53 43 46 44 67 43 73 41 79 45 73 45 60 52 54 59 65 59 49 69 60 68 69 69 60 70
2014-10-18-16h-38m-29s-male\29 41 81 41 68 41 42 47 41 54 42 47 42 68 43 75 42 81 44 75 43 61 51 55 58 66 58 50 67 60 66 71 68 60 68
2014-10-18-16h-38m-29s-male\30 36 71 36 77 36 39 43 36 49 39 43 40 63 40 68 39 71 42 67 43 61 47 52 53 63 54 45 69 59 62 63 71 57 77
2014-10-18-16h-38m-29s-male\31 37 73 37 73 37 40 43 37 50 40 44 41 64 41 69 40 73 43 69 44 62 48 53 55 65 55 46 68 61 63 66 69 59 73
2014-10-18-16h-38m-29s-male\32 37 73 37 67 37 39 44 37 50 40 44 41 64 41 70 40 73 43 69 44 62 48 54 56 65 56 48 66 61 64 67 67 60 66
2014-10-18-16h-38m-29s-male\33 38 75 38 66 38 40 45 38 52 40 46 41 66 42 71 41 75 43 71 44 64 49 55 55 67 56 48 65 62 63 69 65 61 66
2014-10-18-16h-38m-29s-male\34 37 73 37 67 37 39 43 37 50 40 43 41 64 42 69 40 73 43 69 44 61 49 53 56 64 56 46 66 60 64 66 67 59 66
2014-10-18-16h-38m-29s-male\35 37 73 37 65 37 37 44 37 50 38 44 38 66 40 71 40 73 42 70 41 63 48 53 54 65 55 46 64 60 62 66 65 59 64
2014-10-18-16h-38m-29s-male\36 39 78 39 79 39 42 43 39 48 42 43 43 65 42 71 39 78 42 71 43 54 52 50 59 62 59 50 72 55 69 68 72 57 79
2014-10-18-16h-38m-29s-male\37 40 80 40 75 40 42 44 40 51 42 45 44 66 42 72 40 80 42 73 44 54 53 52 60 63 60 49 70 55 68 70 70 57 75
2014-10-18-16h-38m-29s-male\38 40 79 40 72 40 43 44 40 51 43 45 45 65 43 72 41 79 44 72 45 56 54 52 61 63 61 49 70 57 70 69 70 57 72
2014-10-18-16h-38m-29s-male\39 40 79 40 70 40 42 44 40 51 42 44 44 66 42 72 40 79 43 72 44 55 53 51 59 63 59 48 68 56 68 68 68 56 70
2014-10-18-16h-38m-29s-male\40 40 79 40 71 40 42 44 40 51 43 44 44 66 42 72 41 79 43 72 45 54 53 51 60 62 60 48 69 56 69 69 69 56 71
2014-10-18-16h-38m-29s-male\41 40 79 40 69 40 41 44 40 50 41 44 42 65 41 72 41 79 42 72 42 54 52 50 58 62 58 47 68 54 67 67 68 54 69
2014-10-18-16h-38m-29s-male\42 41 81 41 80 41 43 47 41 54 43 48 45 69 44 76 42 81 45 75 46 60 55 54 61 66 61 50 73 60 70 69 74 59 80
2014-10-18-16h-38m-29s-male\43 41 81 41 76 41 43 47 41 55 43 47 45 69 44 75 42 81 45 75 46 60 54 54 60 66 60 50 71 60 69 70 72 60 76
2014-10-18-16h-38m-29s-male\44 42 83 42 73 42 44 48 42 55 44 48 46 70 45 77 44 83 46 77 47 62 56 56 62 68 62 51 71 61 71 71 72 61 73
2014-10-18-16h-38m-29s-male\45 41 81 41 71 41 43 47 41 53 43 47 44 68 44 74 42 81 44 74 45 60 54 53 60 66 60 49 68 60 69 71 68 60 71
2014-10-18-16h-38m-29s-male\46 41 81 41 72 41 43 47 41 54 43 47 45 68 44 75 43 81 45 75 46 60 54 54 61 66 61 50 70 60 70 70 70 60 72
2014-10-18-16h-38m-29s-male\47 41 81 41 70 41 42 46 41 53 42 46 43 68 43 75 42 81 44 74 44 60 53 54 59 66 59 50 68 60 68 70 69 60 70
2014-10-18-16h-38m-29s-male\48 40 79 40 81 40 42 47 40 54 43 47 44 69 44 75 42 79 45 74 46 65 55 55 62 67 62 47 74 62 71 67 74 58 81
2014-10-18-16h-38m-29s-male\49 38 75 38 75 38 40 45 38 51 41 45 42 66 43 71 41 75 43 71 44 61 54 52 60 64 60 45 69 59 68 64 71 57 75
2014-10-18-16h-38m-29s-male\50 39 77 39 70 39 41 45 39 53 41 45 42 66 42 73 41 77 43 73 44 63 54 55 59 66 59 48 68 61 68 67 69 60 70
2014-10-18-16h-38m-29s-male\51 39 77 39 69 39 40 46 39 53 41 45 42 66 42 72 41 77 43 72 44 63 52 54 58 66 59 48 67 60 67 68 67 59 69
2014-10-18-16h-38m-29s-male\52 39 77 39 70 39 41 45 39 52 41 45 42 67 42 72 41 77 43 72 45 62 53 54 59 65 59 48 69 60 68 67 69 59 70
2014-10-18-16h-38m-29s-male\53 37 73 37 67 37 38 43 37 50 39 43 39 64 40 70 40 73 41 69 41 60 50 52 56 63 57 45 65 58 65 65 66 57 67
2014-10-19-12h-06m-01s-male\0 37 73 37 79 37 41 42 37 47 41 42 42 62 40 66 37 73 40 67 41 50 49 49 57 57 57 46 72 51 64 59 71 52 79
2014-10-19-12h-06m-01s-male\1 35 70 35 70 35 39 39 36 45 39 40 40 60 38 65 35 70 39 65 39 48 48 46 54 55 54 43 67 48 62 58 68 49 70
2014-10-19-12h-06m-01s-male\2 35 70 35 65 35 38 39 35 45 38 40 39 59 38 64 35 70 38 64 39 48 49 46 54 54 54 41 64 49 62 59 65 49 64
2014-10-19-12h-06m-01s-male\3 35 70 35 61 35 37 39 35 45 37 39 38 60 37 65 35 70 37 65 38 48 48 46 53 54 53 42 61 49 60 61 61 49 61
2014-10-19-12h-06m-01s-male\4 35 70 35 64 35 38 39 35 44 38 39 39 59 38 64 35 70 38 64 39 48 49 45 54 54 54 41 64 48 61 58 64 48 63
2014-10-19-12h-06m-01s-male\5 37 73 37 63 37 38 41 38 47 37 42 39 62 38 69 38 73 39 68 39 51 48 49 53 58 53 44 63 52 61 62 63 52 62
2014-10-19-12h-06m-01s-male\6 36 72 36 79 36 39 42 36 47 39 42 40 62 39 67 36 72 39 67 40 54 49 49 54 60 54 46 70 54 62 61 70 53 79
2014-10-19-12h-06m-01s-male\7 38 75 38 72 38 41 44 38 49 41 44 42 64 41 70 39 75 42 69 43 56 51 51 57 61 57 48 69 56 64 64 70 56 72
2014-10-19-12h-06m-01s-male\8 37 73 37 66 37 40 42 37 48 40 42 41 63 40 68 38 73 41 68 42 55 50 50 56 60 56 45 65 55 64 64 66 55 66
2014-10-19-12h-06m-01s-male\9 38 75 38 65 38 40 43 38 48 40 43 41 64 40 69 38 75 41 69 42 56 51 51 57 61 57 46 64 56 63 66 65 56 65
2014-10-19-12h-06m-01s-male\10 37 74 37 65 37 40 42 37 48 40 42 40 63 40 68 37 74 40 68 41 55 50 50 56 61 56 46 64 55 62 64 65 55 64
2014-10-19-12h-06m-01s-male\11 38 75 38 63 38 38 43 38 49 38 43 39 64 38 71 38 75 39 70 39 56 49 52 54 61 54 47 62 56 60 66 63 56 62
2014-10-19-12h-06m-01s-male\12 34 68 34 78 34 37 40 34 46 37 40 37 59 37 64 34 68 37 64 38 57 47 50 52 59 52 46 68 56 59 61 68 54 78
2014-10-19-12h-06m-01s-male\13 34 67 34 68 34 36 39 34 45 36 39 38 58 37 63 34 67 37 63 38 56 46 50 52 58 52 45 65 55 58 60 66 54 68
2014-10-19-12h-06m-01s-male\14 35 69 35 63 35 37 41 35 46 37 41 38 60 38 65 35 69 38 65 39 58 48 50 54 60 54 46 62 56 61 63 63 56 63
2014-10-19-12h-06m-01s-male\15 35 69 35 63 35 37 40 35 46 38 41 38 60 38 65 36 69 39 65 39 57 49 49 54 59 54 43 62 55 61 63 62 55 63
2014-10-19-12h-06m-01s-male\16 36 72 36 64 36 38 42 36 48 37 42 38 62 38 67 36 72 38 67 39 59 49 52 54 61 54 46 63 57 62 65 63 57 64
2014-10-19-12h-06m-01s-male\17 35 69 35 60 35 35 40 35 46 35 40 36 60 35 65 35 69 36 64 36 57 46 49 51 59 51 45 59 54 58 63 60 54 60
2014-10-19-12h-06m-01s-male\18 36 71 36 81 36 39 40 37 46 38 40 40 61 38 65 36 71 38 66 39 48 50 46 55 57 55 46 71 50 63 60 72 52 81
2014-10-19-12h-06m-01s-male\19 36 72 36 70 36 38 40 36 46 38 41 39 61 38 65 36 72 38 66 39 49 50 47 55 55 55 44 68 50 63 60 68 51 70
2014-10-19-12h-06m-01s-male\20 35 70 35 64 35 37 39 36 44 37 39 38 59 37 64 35 70 37 64 38 47 49 45 54 53 54 41 64 49 62 60 64 49 64
2014-10-19-12h-06m-01s-male\21 36 72 36 62 36 38 41 36 46 38 41 39 61 37 66 36 72 38 66 39 49 50 47 54 57 54 44 61 52 60 66 61 52 62
2014-10-19-12h-06m-01s-male\22 36 72 36 64 36 38 40 36 46 39 40 39 60 38 65 36 72 38 65 39 49 50 47 55 55 55 43 64 50 62 62 64 51 64
2014-10-19-12h-06m-01s-male\23 37 73 37 63 37 38 41 38 47 37 41 40 61 37 67 37 73 37 67 39 50 49 48 54 57 54 45 63 51 61 63 63 51 63
2014-10-19-12h-06m-01s-male\24 38 75 38 83 38 42 44 39 50 42 44 43 65 41 70 38 75 41 70 43 57 52 52 57 62 57 50 73 58 64 65 74 57 83
2014-10-19-12h-06m-01s-male\25 38 76 38 71 38 41 44 38 50 41 44 42 65 40 70 38 76 41 70 41 57 51 53 57 63 57 49 69 57 64 65 70 57 71
2014-10-19-12h-06m-01s-male\26 38 76 38 67 38 40 43 38 50 40 44 41 65 40 71 38 76 40 71 41 57 52 52 57 62 57 48 66 57 65 66 66 57 67
2014-10-19-12h-06m-01s-male\27 37 74 37 63 37 38 42 37 48 38 42 39 63 38 68 37 74 38 68 39 55 50 51 55 61 55 44 62 55 62 67 62 55 63
2014-10-19-12h-06m-01s-male\28 38 75 38 66 38 41 43 39 50 41 43 41 65 40 70 38 75 40 70 41 57 52 52 57 62 57 48 65 57 63 66 66 57 65
2014-10-19-12h-06m-01s-male\29 37 74 37 62 37 37 42 37 48 37 43 39 63 37 69 37 74 37 70 39 56 48 51 53 61 53 46 61 56 59 65 62 56 62
2014-10-19-12h-06m-01s-male\30 34 67 34 79 34 36 40 34 45 37 40 38 58 37 63 35 67 39 63 40 55 48 48 52 58 52 42 68 54 60 57 69 49 79
2014-10-19-12h-06m-01s-male\31 35 69 35 72 35 37 41 35 46 36 41 37 60 37 65 36 69 39 64 38 57 48 50 53 60 53 45 67 56 61 59 67 55 72
2014-10-19-12h-06m-01s-male\32 35 69 35 62 35 36 41 35 46 35 41 36 60 36 66 35 69 37 66 37 57 48 50 53 60 53 44 62 55 60 62 62 55 62
2014-10-19-12h-06m-01s-male\33 36 71 36 62 36 37 43 36 49 37 43 38 63 38 68 37 71 39 67 39 59 50 51 54 61 55 43 61 56 61 64 62 55 62
2014-10-19-12h-06m-01s-male\34 36 72 36 65 36 39 43 37 49 39 43 40 62 39 67 36 72 39 67 39 59 50 52 55 61 55 47 65 56 63 63 65 56 65
2014-10-19-12h-06m-01s-male\35 35 70 35 60 35 36 40 36 46 35 40 37 60 35 66 35 70 36 66 36 57 46 50 51 59 51 45 60 54 59 62 60 54 60
2014-10-19-12h-06m-01s-male\36 37 73 37 81 37 40 41 38 47 39 42 41 61 39 66 37 73 39 67 40 50 50 48 55 58 55 47 71 53 62 61 71 53 81
2014-10-19-12h-06m-01s-male\37 37 74 37 72 37 39 42 37 49 38 42 40 63 38 69 37 74 39 68 40 52 49 50 55 59 55 46 68 53 62 63 69 53 72
2014-10-19-12h-06m-01s-male\38 37 74 37 65 37 40 42 37 48 39 43 40 63 38 68 38 74 40 68 40 52 50 49 55 58 55 46 64 53 63 63 64 53 65
2014-10-19-12h-06m-01s-male\39 38 75 38 63 38 40 42 38 48 39 43 40 63 39 69 38 75 39 69 40 52 50 49 55 60 55 45 62 55 61 68 62 55 63
2014-10-19-12h-06m-01s-male\40 37 73 37 65 37 40 41 38 47 39 41 41 62 39 67 37 73 39 67 40 51 51 48 56 57 56 44 65 52 64 63 65 52 65
2014-10-19-12h-06m-01s-male\41 36 72 36 62 36 36 40 37 46 36 41 38 61 36 67 37 72 36 67 38 50 48 47 52 57 52 45 61 52 60 62 61 52 62
2014-10-19-12h-06m-01s-male\42 38 76 38 83 38 40 43 39 50 40 44 41 64 40 71 38 76 40 71 41 57 52 51 56 63 56 49 72 57 64 64 73 56 83
2014-10-19-12h-06m-01s-male\43 38 75 38 73 38 40 43 39 50 40 44 41 64 40 70 38 75 41 70 41 56 52 51 57 61 57 48 69 57 64 64 70 57 73
2014-10-19-12h-06m-01s-male\44 38 76 38 66 38 40 44 38 50 39 44 41 65 40 71 38 76 40 71 41 57 52 52 57 63 57 48 65 57 65 67 65 57 66
2014-10-19-12h-06m-01s-male\45 38 75 38 64 38 39 43 38 49 39 43 40 64 39 70 38 75 40 70 40 56 52 51 56 62 56 45 62 56 63 68 62 56 64
2014-10-19-12h-06m-01s-male\46 39 77 39 67 39 40 45 39 51 40 45 41 66 40 73 39 77 41 72 42 58 53 53 57 63 57 49 66 58 65 67 66 58 67
2014-10-19-12h-06m-01s-male\47 38 75 38 65 38 38 43 38 50 38 43 40 64 38 70 39 75 39 70 41 57 50 51 55 62 55 48 63 57 63 66 64 57 65
2014-10-19-12h-06m-01s-male\48 35 69 35 78 35 36 41 35 47 36 41 37 60 37 66 35 69 37 66 38 58 48 48 52 60 53 45 68 56 60 59 69 53 78
2014-10-19-12h-06m-01s-male\49 35 69 35 69 35 36 40 35 46 36 40 37 59 36 65 35 69 37 65 38 57 47 49 52 59 52 45 66 56 60 60 66 55 69
2014-10-19-12h-06m-01s-male\50 35 69 35 63 35 36 40 35 47 36 41 38 60 37 66 36 69 39 65 39 57 49 49 53 59 53 44 62 55 61 62 63 55 62
2014-10-19-12h-06m-01s-male\51 37 73 37 63 37 38 43 37 49 38 43 39 63 39 69 38 73 39 69 40 58 52 50 55 60 55 43 61 56 61 64 62 56 63
2014-10-19-12h-06m-01s-male\52 37 73 37 64 37 37 43 37 49 37 43 38 63 38 69 38 73 39 69 40 59 50 52 55 61 55 46 63 56 62 64 63 56 64
2014-10-19-12h-06m-01s-male\53 35 69 35 61 35 36 40 36 46 35 41 37 59 36 65 37 69 37 65 38 56 47 49 52 58 52 43 60 53 59 61 60 53 61
2014-10-20-11h-56m-39s-female\0 39 77 39 81 39 43 44 39 50 43 44 44 65 43 71 39 77 42 71 44 55 55 52 61 61 61 49 75 56 70 65 76 56 81
2014-10-20-11h-56m-39s-female\1 38 75 38 74 38 42 43 38 49 42 43 43 64 42 68 39 75 41 69 43 53 54 50 60 59 60 47 72 53 68 64 72 54 74
2014-10-20-11h-56m-39s-female\2 37 74 37 68 37 40 42 37 47 40 42 41 62 40 68 37 74 40 68 41 52 52 48 58 58 58 44 67 53 66 64 68 53 68
2014-10-20-11h-56m-39s-female\3 38 76 38 68 38 41 44 38 49 41 44 42 64 41 69 38 76 41 69 42 54 54 51 58 61 58 46 67 55 66 69 67 55 68
2014-10-20-11h-56m-39s-female\4 38 75 38 69 38 41 43 38 49 41 43 42 64 41 69 38 75 40 69 42 54 55 51 60 61 60 48 69 55 67 65 68 55 69
2014-10-20-11h-56m-39s-female\5 37 74 37 65 37 38 42 37 48 38 42 38 63 38 68 37 74 38 68 38 53 50 49 55 59 55 46 64 54 64 64 64 54 65
2014-10-20-11h-56m-39s-female\6 39 77 39 76 39 43 45 40 50 43 45 44 65 43 71 39 77 42 71 44 58 56 53 60 63 60 50 73 58 69 66 73 58 76
2014-10-20-11h-56m-39s-female\7 38 75 38 72 38 41 44 38 49 41 44 42 65 41 70 38 75 40 70 42 57 53 52 58 62 58 50 70 57 67 66 70 57 72
2014-10-20-11h-56m-39s-female\8 39 77 39 71 39 43 45 40 50 43 45 44 66 43 71 39 77 42 72 44 58 56 54 60 63 60 49 70 58 69 68 70 58 71
2014-10-20-11h-56m-39s-female\9 39 77 39 69 39 43 45 39 50 43 45 44 65 43 72 39 77 42 72 43 58 55 52 60 63 60 47 69 58 67 69 68 58 69
2014-10-20-11h-56m-39s-female\10 38 75 38 69 38 42 44 39 49 42 44 43 64 42 70 38 75 41 70 43 57 54 52 59 62 59 49 69 57 68 65 69 57 69
2014-10-20-11h-56m-39s-female\11 37 74 37 64 37 38 42 37 48 37 42 38 63 37 69 37 74 38 69 38 56 49 51 54 60 54 46 64 56 63 65 64 56 64
2014-10-20-11h-56m-39s-female\12 35 70 35 75 35 38 41 35 47 38 41 39 61 38 67 35 70 38 67 39 58 50 50 56 60 56 46 70 56 64 61 70 55 75
2014-10-20-11h-56m-39s-female\13 36 72 36 72 36 40 43 36 48 40 43 41 61 40 67 36 72 40 67 41 58 52 51 57 61 57 47 69 57 65 62 70 56 72
2014-10-20-11h-56m-39s-female\14 37 73 37 68 37 39 44 37 48 40 44 41 63 40 69 37 73 40 69 41 59 53 52 58 62 58 46 67 58 66 65 67 58 68
2014-10-20-11h-56m-39s-female\15 36 71 36 67 36 39 42 36 47 40 42 41 61 40 67 37 71 40 67 41 57 53 50 57 60 57 43 66 55 65 63 66 55 67
2014-10-20-11h-56m-39s-female\16 38 75 38 69 38 41 45 38 50 42 45 43 64 42 71 39 75 42 70 43 60 54 53 60 63 60 50 69 59 68 65 69 59 69
2014-10-20-11h-56m-39s-female\17 37 73 37 65 37 38 43 37 49 38 43 38 63 38 69 38 73 39 68 39 59 50 52 55 62 55 48 64 58 63 65 64 58 65
2014-10-20-11h-56m-39s-female\18 37 73 37 79 37 40 43 37 47 40 43 41 61 40 66 37 73 39 66 41 51 53 48 58 58 58 47 72 53 66 62 72 54 79
2014-10-20-11h-56m-39s-female\19 37 74 37 70 37 39 42 37 47 40 42 40 62 39 67 37 74 39 67 40 52 52 49 57 58 57 47 68 53 65 63 68 54 70
2014-10-20-11h-56m-39s-female\20 37 74 37 68 37 40 42 38 47 40 42 41 62 40 67 37 74 40 68 41 52 53 48 58 58 58 45 67 52 66 64 67 52 68
2014-10-20-11h-56m-39s-female\21 38 75 38 68 38 42 43 39 49 42 43 43 63 41 69 38 75 41 69 43 53 54 50 59 60 59 47 67 54 66 66 67 54 68
2014-10-20-11h-56m-39s-female\22 37 74 37 68 37 40 42 38 47 40 42 42 62 40 67 37 74 40 67 42 52 53 49 58 58 58 46 67 53 66 63 67 53 68
2014-10-20-11h-56m-39s-female\23 37 74 37 64 37 37 42 37 47 37 42 38 62 37 68 37 74 37 68 38 52 49 48 54 58 54 45 63 53 62 62 63 53 64
2014-10-20-11h-56m-39s-female\24 38 75 38 80 38 41 44 38 50 41 44 42 64 40 70 38 75 40 70 42 57 53 52 57 62 57 49 72 57 66 65 72 57 80
2014-10-20-11h-56m-39s-female\25 39 77 39 76 39 41 46 39 51 42 46 43 65 42 71 39 77 42 71 43 58 54 52 59 63 59 50 71 58 67 66 72 58 76
2014-10-20-11h-56m-39s-female\26 38 76 38 69 38 41 44 39 49 42 44 43 64 42 70 38 76 41 70 43 57 54 52 59 62 59 47 68 57 67 67 68 57 69
2014-10-20-11h-56m-39s-female\27 38 76 38 68 38 41 44 38 49 41 44 42 64 42 70 38 76 41 70 43 57 54 51 59 62 59 46 67 57 67 66 67 57 68
2014-10-20-11h-56m-39s-female\28 39 77 39 69 39 41 45 39 51 42 45 43 65 42 71 39 77 42 71 43 58 55 53 60 64 60 48 68 58 67 67 68 58 69
2014-10-20-11h-56m-39s-female\29 39 77 39 66 39 39 45 39 51 39 45 40 65 39 71 39 77 40 71 40 58 52 52 57 63 57 48 65 58 65 68 65 58 66
2014-10-20-11h-56m-39s-female\30 36 71 36 79 36 39 43 36 48 39 43 40 61 40 67 37 71 40 67 41 59 52 51 57 61 57 45 71 57 65 61 72 55 79
2014-10-20-11h-56m-39s-female\31 36 72 36 72 36 39 43 36 48 39 43 40 62 39 68 36 72 39 68 41 59 52 51 57 60 57 46 69 56 64 62 68 56 72
2014-10-20-11h-56m-39s-female\32 38 75 38 69 38 41 45 38 52 41 45 42 65 41 70 39 75 42 70 43 61 54 54 59 64 59 47 68 59 67 67 68 59 69
2014-10-20-11h-56m-39s-female\33 38 75 38 68 38 40 45 38 51 40 45 41 64 41 71 38 75 41 71 42 60 53 53 58 64 58 45 66 59 66 66 66 59 68
2014-10-20-11h-56m-39s-female\34 37 73 37 68 37 40 44 37 49 40 44 42 63 41 68 38 73 41 68 42 58 53 51 58 61 59 46 67 57 66 64 67 57 68
2014-10-20-11h-56m-39s-female\35 37 73 37 64 37 37 43 37 49 37 43 38 63 37 69 38 73 38 69 39 59 50 51 55 62 55 46 64 57 62 64 64 57 64
2014-10-20-11h-56m-39s-female\36 37 74 37 80 37 40 43 38 48 40 43 41 62 40 68 37 74 40 68 41 52 52 49 57 59 57 48 72 53 65 62 73 54 80
2014-10-20-11h-56m-39s-female\37 37 74 37 74 37 39 42 38 47 40 42 41 62 39 67 37 74 39 68 41 52 52 49 57 58 57 47 69 52 65 63 70 53 74
2014-10-20-11h-56m-39s-female\38 39 77 39 69 39 41 45 39 51 42 45 43 64 42 70 39 77 42 70 43 54 54 51 59 61 59 48 68 55 67 67 68 55 69
2014-10-20-11h-56m-39s-female\39 38 76 38 68 38 41 43 38 50 41 43 42 64 40 69 38 76 41 69 42 54 53 50 59 61 59 48 66 55 65 68 66 55 68
2014-10-20-11h-56m-39s-female\40 38 76 38 67 38 40 44 38 49 40 44 41 64 40 70 38 76 40 70 42 54 53 51 58 60 58 47 66 54 65 66 67 54 67
2014-10-20-11h-56m-39s-female\41 38 75 38 65 38 38 43 38 49 38 43 39 64 38 70 38 75 39 70 39 53 51 50 56 60 56 47 64 54 63 65 65 54 65
2014-10-20-11h-56m-39s-female\42 39 77 39 82 39 41 46 39 51 41 46 43 65 40 70 39 77 42 70 43 58 51 52 58 64 58 49 73 58 66 65 74 58 82
2014-10-20-11h-56m-39s-female\43 39 78 39 73 39 41 45 39 51 41 45 43 66 41 71 39 78 41 71 43 58 53 53 59 63 59 49 70 58 66 67 70 58 73
2014-10-20-11h-56m-39s-female\44 39 77 39 68 39 40 45 39 51 41 45 42 66 41 72 39 77 41 72 43 59 54 53 58 64 58 49 67 58 66 68 67 58 68
2014-10-20-11h-56m-39s-female\45 40 79 40 69 40 42 47 41 53 43 47 44 66 42 73 40 79 43 73 44 59 55 53 60 65 60 48 66 59 67 69 67 59 69
2014-10-20-11h-56m-39s-female\46 38 76 38 67 38 40 44 38 50 40 44 41 64 40 70 38 76 40 70 41 57 53 51 58 62 58 47 65 57 65 66 66 57 67
2014-10-20-11h-56m-39s-female\47 38 75 38 65 38 38 43 38 49 38 43 39 64 38 70 38 75 39 70 39 57 51 51 56 62 56 47 63 57 63 67 64 57 65
2014-10-20-11h-56m-39s-female\48 35 69 35 75 35 36 41 35 46 36 41 37 60 36 66 36 69 37 66 38 57 48 50 53 60 53 45 68 55 61 59 69 53 75
2014-10-20-11h-56m-39s-female\49 37 73 37 70 37 38 44 37 49 39 44 40 62 38 68 37 73 39 68 40 59 51 51 56 61 56 47 67 56 64 63 67 56 70
2014-10-20-11h-56m-39s-female\50 37 73 37 66 37 38 44 37 49 39 44 40 63 39 68 37 73 39 68 40 59 51 52 56 62 56 46 65 57 64 65 65 57 66
2014-10-20-11h-56m-39s-female\51 37 73 37 65 37 38 44 37 49 39 44 39 63 39 68 37 73 39 68 40 58 51 51 56 62 56 43 63 56 63 64 63 56 65
2014-10-20-11h-56m-39s-female\52 36 72 36 64 36 38 43 36 48 38 43 39 61 38 67 36 72 38 67 40 57 51 50 55 60 55 44 64 55 62 63 63 55 64
2014-10-20-11h-56m-39s-female\53 36 71 36 63 36 37 42 36 47 37 42 37 62 37 67 37 71 38 67 38 58 49 50 54 60 54 45 62 56 61 63 62 56 63
2014-10-21-12h-12m-46s-male\0 45 90 45 94 45 51 50 46 57 50 50 52 75 50 83 45 90 51 83 51 63 65 57 72 70 72 56 88 63 80 74 88 64 94
2014-10-21-12h-12m-46s-male\1 46 91 46 89 46 52 51 47 58 51 51 53 76 51 83 46 91 51 83 52 64 66 59 73 71 73 58 87 65 81 75 87 65 89
2014-10-21-12h-12m-46s-male\2 46 91 46 83 46 51 52 46 59 51 52 52 77 50 84 46 91 50 84 52 64 65 60 72 73 72 57 83 67 80 77 83 67 82
2014-10-21-12h-12m-46s-male\3 47 93 47 83 47 52 52 47 60 51 53 53 79 51 86 47 93 51 86 52 66 66 61 73 74 73 57 83 68 81 80 83 68 83
2014-10-21-12h-12m-46s-male\4 47 93 47 85 47 53 52 48 60 52 53 54 78 52 85 47 93 52 85 53 66 67 60 74 74 74 58 85 67 82 77 85 67 84
2014-10-21-12h-12m-46s-male\5 44 88 44 77 44 45 49 44 56 44 50 45 75 44 81 44 88 45 82 45 62 59 56 65 69 65 54 76 63 74 73 77 63 76
2014-10-21-12h-12m-46s-male\6 47 93 47 96 47 54 53 48 61 53 54 54 80 52 88 47 93 52 88 54 71 67 64 75 77 75 62 90 71 83 80 91 71 96
2014-10-21-12h-12m-46s-male\7 47 93 47 91 47 53 53 48 61 53 53 54 80 52 87 47 93 52 87 53 71 68 64 75 77 75 62 88 71 83 80 89 71 91
2014-10-21-12h-12m-46s-male\8 47 94 47 85 47 52 54 48 61 52 54 54 80 52 87 47 94 52 87 53 71 67 64 75 77 75 61 85 71 83 81 84 71 85
2014-10-21-12h-12m-46s-male\9 48 95 48 85 48 54 55 49 62 53 55 55 81 53 88 48 95 53 88 54 72 68 65 76 78 76 60 85 72 83 84 84 72 85
2014-10-21-12h-12m-46s-male\10 48 95 48 85 48 53 55 49 63 52 55 54 81 52 88 48 95 52 88 53 72 67 65 75 79 75 62 85 72 83 82 85 72 85
2014-10-21-12h-12m-46s-male\11 46 92 46 79 46 47 53 46 60 46 54 47 79 46 86 46 92 47 86 47 70 61 64 68 77 68 60 79 70 76 81 79 70 78
2014-10-21-12h-12m-46s-male\12 46 91 46 93 46 53 54 47 61 51 54 53 79 51 86 46 91 51 86 53 74 66 66 74 79 74 63 88 73 81 80 89 73 93
2014-10-21-12h-12m-46s-male\13 47 93 47 89 47 53 54 48 62 52 55 54 80 51 87 47 93 51 87 53 75 66 67 74 79 74 64 87 74 81 82 87 74 89
2014-10-21-12h-12m-46s-male\14 47 93 47 85 47 53 55 48 62 52 55 54 80 51 87 47 93 52 87 53 74 66 67 74 79 74 63 85 74 82 83 84 74 84
2014-10-21-12h-12m-46s-male\15 46 91 46 83 46 51 53 47 60 51 53 53 78 50 86 46 91 50 86 52 73 65 65 73 78 73 59 83 73 80 82 82 73 82
2014-10-21-12h-12m-46s-male\16 46 91 46 83 46 52 54 47 61 51 54 53 78 51 86 46 91 51 86 52 73 65 65 73 78 73 61 83 73 81 82 83 73 83
2014-10-21-12h-12m-46s-male\17 45 89 45 78 45 47 51 46 58 46 51 47 77 45 83 45 89 46 84 46 72 60 65 67 76 67 59 78 71 75 80 77 71 77
2014-10-21-12h-12m-46s-male\18 46 91 46 96 46 51 52 47 59 51 52 53 77 49 83 46 91 50 83 51 63 65 59 72 71 72 59 89 65 81 76 89 66 96
2014-10-21-12h-12m-46s-male\19 47 93 47 90 47 52 52 48 60 51 53 53 78 50 84 47 93 50 84 52 64 66 61 73 72 73 60 87 66 81 77 87 67 90
2014-10-21-12h-12m-46s-male\20 46 91 46 83 46 51 52 48 59 50 52 53 76 50 83 46 91 50 84 51 63 65 59 72 71 72 57 82 65 80 76 82 65 83
2014-10-21-12h-12m-46s-male\21 47 93 47 83 47 52 53 48 61 51 54 53 78 50 85 47 93 50 85 52 65 66 61 73 73 73 58 82 67 81 81 82 67 83
2014-10-21-12h-12m-46s-male\22 46 91 46 82 46 51 51 47 59 50 52 52 77 49 83 46 91 50 83 51 63 65 59 72 71 72 57 82 65 80 77 82 65 82
2014-10-21-12h-12m-46s-male\23 45 89 45 78 45 47 50 46 57 46 51 47 75 45 82 45 89 45 82 46 61 60 58 67 69 67 55 77 63 75 75 78 63 77
2014-10-21-12h-12m-46s-male\24 48 95 48 97 48 53 55 49 62 52 55 54 80 52 88 48 95 52 88 53 71 67 65 74 77 74 62 90 72 83 81 90 72 97
2014-10-21-12h-12m-46s-male\25 48 95 48 90 48 53 55 49 62 52 55 54 81 51 88 48 95 52 88 53 71 67 65 74 77 74 62 88 72 82 81 88 72 90
2014-10-21-12h-12m-46s-male\26 48 95 48 84 48 52 55 49 62 51 55 54 80 51 88 48 95 51 88 53 71 66 65 74 77 74 61 84 72 81 83 83 72 84
2014-10-21-12h-12m-46s-male\27 48 96 48 84 48 53 55 49 63 53 55 55 81 52 89 48 96 53 89 54 72 67 65 75 78 75 60 84 72 83 84 84 72 84
2014-10-21-12h-12m-46s-male\28 48 95 48 84 48 52 56 48 63 51 56 53 81 51 89 48 95 51 89 53 71 66 65 74 77 74 62 84 72 82 82 84 72 84
2014-10-21-12h-12m-46s-male\29 49 97 49 83 49 51 56 50 64 50 57 51 82 49 90 49 97 50 90 50 73 65 66 72 79 72 63 83 73 80 83 82 73 82
2014-10-21-12h-12m-46s-male\30 45 90 45 93 45 49 52 45 60 48 53 50 77 48 84 45 90 49 84 50 74 63 66 71 77 71 60 86 72 79 77 87 71 93
2014-10-21-12h-12m-46s-male\31 44 88 44 86 44 47 52 44 58 47 52 49 76 47 83 44 88 47 83 49 73 62 65 69 75 69 60 83 71 77 77 84 71 86
2014-10-21-12h-12m-46s-male\32 44 88 44 80 44 48 52 44 58 47 52 49 75 48 83 45 88 48 83 49 72 62 64 69 75 69 58 80 70 78 78 79 70 80
2014-10-21-12h-12m-46s-male\33 44 88 44 79 44 47 51 44 58 46 52 49 76 47 83 44 88 47 83 49 72 62 63 69 75 69 55 79 70 77 79 78 70 79
2014-10-21-12h-12m-46s-male\34 44 88 44 80 44 47 52 44 58 46 52 49 76 47 83 44 88 47 83 49 72 62 64 69 75 69 58 80 70 77 78 80 70 79
2014-10-21-12h-12m-46s-male\35 42 84 42 74 42 43 50 42 56 42 50 43 73 42 79 42 84 43 79 43 70 57 61 64 73 64 55 74 68 72 76 74 68 74
2014-10-21-12h-12m-46s-male\36 46 91 46 95 46 50 52 47 59 49 52 52 77 48 84 46 91 48 84 50 63 65 61 72 72 72 60 87 65 80 78 87 68 95
2014-10-21-12h-12m-46s-male\37 46 91 46 88 46 51 52 47 59 50 52 52 76 49 83 46 91 49 83 51 63 66 61 72 70 72 60 85 65 80 77 85 66 88
2014-10-21-12h-12m-46s-male\38 46 91 46 83 46 50 52 47 59 50 52 52 76 49 83 46 91 49 83 51 63 66 60 72 70 72 57 82 65 81 78 82 65 83
2014-10-21-12h-12m-46s-male\39 47 93 47 82 47 50 53 48 60 51 53 53 78 49 84 47 93 49 84 52 64 66 61 73 72 73 59 82 67 80 82 82 67 82
2014-10-21-12h-12m-46s-male\40 44 88 44 81 44 47 50 46 57 48 50 50 74 47 81 44 88 47 81 48 60 63 58 70 69 70 55 81 64 78 75 81 64 80
2014-10-21-12h-12m-46s-male\41 45 89 45 79 45 47 51 46 58 46 51 47 74 45 81 45 89 45 82 46 60 62 59 68 69 68 57 79 64 77 75 79 64 79
2014-10-21-12h-12m-46s-male\42 48 95 48 95 48 51 56 48 62 51 56 53 81 50 89 48 95 50 89 52 72 67 66 73 78 73 63 88 72 82 81 89 72 95
2014-10-21-12h-12m-46s-male\43 48 96 48 90 48 51 56 49 63 51 56 54 81 50 89 48 96 51 89 53 72 67 66 74 78 74 63 87 72 82 81 87 72 90
2014-10-21-12h-12m-46s-male\44 47 94 47 83 47 50 55 48 61 50 55 52 80 49 88 47 94 50 88 52 70 66 64 73 76 73 60 82 70 81 81 82 70 83
2014-10-21-12h-12m-46s-male\45 48 95 48 83 48 51 56 48 62 50 56 53 81 50 88 48 95 50 88 53 71 66 65 73 77 73 59 82 72 81 84 82 72 83
2014-10-21-12h-12m-46s-male\46 48 95 48 84 48 52 56 49 63 51 56 54 81 51 88 48 95 51 88 53 72 67 65 74 78 74 62 84 72 82 81 84 72 84
2014-10-21-12h-12m-46s-male\47 46 92 46 79 46 47 53 46 60 46 53 47 78 46 86 46 92 47 86 47 70 63 63 69 76 69 60 79 70 77 79 79 70 79
2014-10-21-12h-12m-46s-male\48 45 90 45 93 45 48 54 45 60 48 54 50 77 47 85 45 90 48 85 50 75 64 65 70 76 70 60 86 72 79 76 87 71 93
2014-10-21-12h-12m-46s-male\49 44 88 44 85 44 47 52 44 58 46 52 49 75 46 82 44 88 47 82 49 71 62 64 69 75 69 58 83 70 77 75 83 69 85
2014-10-21-12h-12m-46s-male\50 43 86 43 78 43 45 51 43 57 45 51 48 74 45 81 43 86 45 81 47 71 61 63 68 74 68 56 78 69 76 77 77 69 78
2014-10-21-12h-12m-46s-male\51 44 87 44 79 44 46 51 44 57 46 51 48 75 46 82 44 87 47 82 48 72 62 62 69 74 69 55 78 69 77 77 78 69 79
2014-10-21-12h-12m-46s-male\52 45 89 45 80 45 47 53 45 59 47 53 49 76 47 84 45 89 48 84 49 73 63 65 70 76 70 59 80 71 78 78 80 71 80
2014-10-21-12h-12m-46s-male\53 44 87 44 77 44 45 52 44 58 44 52 45 75 44 82 44 87 46 82 45 72 60 63 67 75 67 57 77 70 75 77 76 70 77
2014-10-22-12h-09m-06s-female\0 41 81 41 93 41 48 45 44 51 48 46 49 68 46 74 41 81 45 74 47 54 63 51 69 63 68 52 84 56 77 71 85 59 93
2014-10-22-12h-09m-06s-female\1 42 83 42 84 42 48 47 44 52 48 47 50 70 46 75 42 83 45 76 47 56 63 53 69 64 68 52 82 58 77 71 81 59 84
2014-10-22-12h-09m-06s-female\2 42 83 42 80 42 48 46 44 53 48 47 50 70 47 76 42 83 46 76 48 56 64 53 70 65 70 52 80 60 79 75 80 60 80
2014-10-22-12h-09m-06s-female\3 42 83 42 82 42 48 47 45 53 48 47 50 70 47 76 42 83 45 76 47 57 64 53 68 67 68 51 78 59 77 76 77 59 82
2014-10-22-12h-09m-06s-female\4 42 83 42 81 42 49 47 45 53 48 47 50 70 47 77 42 83 46 77 48 57 64 54 70 66 70 52 81 60 78 73 80 60 80
2014-10-22-12h-09m-06s-female\5 41 81 41 73 41 43 46 42 53 42 47 43 68 42 75 41 81 41 75 42 55 56 52 63 64 63 50 73 58 71 73 73 58 73
2014-10-22-12h-09m-06s-female\6 46 91 46 96 46 50 54 46 60 50 54 52 79 51 85 47 91 51 85 52 71 66 63 72 77 72 59 88 69 80 79 89 69 96
2014-10-22-12h-09m-06s-female\7 45 90 45 88 45 49 52 45 58 49 52 50 77 49 83 46 90 49 83 51 69 65 61 71 75 71 58 85 68 79 77 85 68 88
2014-10-22-12h-09m-06s-female\8 45 89 45 83 45 48 52 45 58 49 52 50 77 49 83 45 89 49 84 50 69 66 61 72 75 72 55 82 67 81 80 81 67 83
2014-10-22-12h-09m-06s-female\9 45 90 45 82 45 49 52 45 58 49 52 50 77 50 84 45 90 49 85 50 69 66 61 71 77 71 54 80 69 80 83 80 69 82
2014-10-22-12h-09m-06s-female\10 45 90 45 82 45 49 52 45 58 49 52 50 77 50 83 46 90 49 84 51 69 66 62 71 76 71 60 82 68 80 76 82 68 82
2014-10-22-12h-09m-06s-female\11 44 87 44 77 44 45 51 44 57 45 51 45 75 45 82 45 87 46 82 46 68 60 60 66 74 66 56 77 67 75 76 77 67 77
2014-10-22-12h-09m-06s-female\12 37 73 37 90 37 40 45 37 49 41 45 42 65 44 70 40 73 43 70 45 66 57 55 62 67 63 50 80 64 71 65 81 60 90
2014-10-22-12h-09m-06s-female\13 38 75 38 83 38 42 46 38 51 43 46 44 67 45 72 41 75 45 72 46 67 59 57 65 69 65 51 79 65 73 68 80 64 83
2014-10-22-12h-09m-06s-female\14 39 77 39 78 39 43 48 39 53 44 47 45 68 46 74 42 77 46 74 48 68 60 57 66 70 67 51 77 64 76 70 78 64 78
2014-10-22-12h-09m-06s-female\15 41 81 41 78 41 45 49 41 55 45 49 46 71 47 77 43 81 46 77 48 69 63 58 67 72 67 48 75 65 76 73 76 65 78
2014-10-22-12h-09m-06s-female\16 39 77 39 76 39 42 46 39 51 42 46 44 67 45 73 41 77 44 73 46 66 60 55 65 68 65 50 75 63 74 69 76 63 76
2014-10-22-12h-09m-06s-female\17 37 73 37 70 37 38 44 37 48 38 44 38 64 39 69 40 73 41 69 41 62 54 53 59 65 60 47 70 60 68 66 70 60 70
2014-10-22-12h-09m-06s-female\18 40 79 40 92 40 48 45 45 50 47 45 49 67 45 73 40 79 43 73 45 55 61 52 66 64 65 52 83 57 74 72 83 61 92
2014-10-22-12h-09m-06s-female\19 41 81 41 84 41 46 46 43 51 47 46 48 68 44 74 41 81 43 74 45 56 62 53 67 65 66 54 80 58 75 72 79 61 84
2014-10-22-12h-09m-06s-female\20 42 83 42 79 42 48 47 45 53 48 47 49 70 46 76 42 83 45 76 47 58 64 55 69 67 68 54 79 61 78 76 77 62 79
2014-10-22-12h-09m-06s-female\21 43 85 43 80 43 48 49 45 55 48 49 49 72 47 77 43 85 45 78 47 60 64 56 68 71 67 53 74 63 76 80 75 63 80
2014-10-22-12h-09m-06s-female\22 42 83 42 78 42 48 48 44 54 48 48 49 71 45 76 42 83 44 76 47 59 63 55 68 68 67 54 78 61 76 75 77 61 78
2014-10-22-12h-09m-06s-female\23 40 79 40 72 40 43 45 42 51 41 46 43 68 40 73 40 79 40 73 41 56 56 52 61 65 61 51 72 58 70 72 71 58 72
2014-10-22-12h-09m-06s-female\24 46 92 46 98 46 50 54 46 60 50 54 51 78 50 85 46 92 50 85 51 70 66 62 72 77 72 59 89 70 81 78 89 69 98
2014-10-22-12h-09m-06s-female\25 46 92 46 89 46 49 53 46 59 49 53 50 78 49 84 46 92 49 84 51 70 66 62 71 77 71 59 85 69 80 79 85 69 89
2014-10-22-12h-09m-06s-female\26 45 90 45 82 45 48 52 45 58 48 52 49 77 49 83 45 90 48 83 50 69 66 61 71 75 71 57 81 68 80 79 81 68 82
2014-10-22-12h-09m-06s-female\27 46 91 46 83 46 49 53 46 59 50 53 51 78 50 84 46 91 50 84 51 69 67 61 72 77 72 54 79 69 81 82 79 69 83
2014-10-22-12h-09m-06s-female\28 46 91 46 82 46 48 54 46 59 49 54 50 78 50 84 46 91 49 85 50 69 66 62 71 76 71 58 81 69 80 81 81 69 82
2014-10-22-12h-09m-06s-female\29 43 85 43 75 43 43 49 43 56 43 49 44 73 44 79 44 85 44 79 45 66 59 58 65 72 65 53 74 65 73 76 74 65 75
2014-10-22-12h-09m-06s-female\30 36 71 36 85 36 39 44 36 48 39 44 40 63 41 68 38 71 40 68 42 63 57 53 62 65 62 46 77 60 70 61 78 56 85
2014-10-22-12h-09m-06s-female\31 38 75 38 81 38 41 47 38 51 41 47 43 67 43 72 40 75 43 72 45 66 59 56 64 67 64 49 77 63 73 66 78 61 81
2014-10-22-12h-09m-06s-female\32 38 75 38 75 38 41 46 38 51 41 46 43 66 43 72 40 75 43 72 45 64 60 54 64 67 64 46 74 61 73 67 74 61 75
2014-10-22-12h-09m-06s-female\33 40 79 40 78 40 42 49 40 54 43 49 44 69 45 75 42 79 44 75 46 67 61 56 65 70 65 45 71 62 73 70 73 62 78
2014-10-22-12h-09m-06s-female\34 40 79 40 76 40 42 48 40 53 42 48 44 69 45 75 42 79 44 75 46 66 61 57 65 69 65 51 75 64 74 70 75 64 76
2014-10-22-12h-09m-06s-female\35 37 73 37 69 37 37 43 37 49 37 44 38 64 38 69 39 73 39 69 40 62 54 53 58 64 59 46 68 59 67 65 68 59 69
2014-10-22-12h-09m-06s-female\36 38 75 38 83 38 42 41 39 47 42 42 43 63 40 68 38 75 40 68 42 51 57 48 62 60 61 49 75 54 70 67 75 57 83
2014-10-22-12h-09m-06s-female\37 40 79 40 79 40 44 45 41 51 44 45 45 66 43 72 40 79 42 73 44 55 60 52 65 64 64 52 76 58 72 70 75 59 79
2014-10-22-12h-09m-06s-female\38 42 83 42 76 42 45 48 43 54 46 48 47 70 45 75 42 83 43 76 46 59 62 55 66 67 66 54 75 60 75 76 74 60 76
2014-10-22-12h-09m-06s-female\39 42 83 42 78 42 47 47 44 53 47 47 48 70 45 75 42 83 44 76 46 59 62 54 66 69 65 52 72 61 74 77 72 61 78
2014-10-22-12h-09m-06s-female\40 42 83 42 77 42 47 47 44 53 46 47 48 70 45 76 42 83 44 76 46 59 62 54 66 67 66 53 76 60 75 74 75 60 77
2014-10-22-12h-09m-06s-female\41 39 77 39 70 39 41 44 40 49 40 44 41 65 39 70 39 77 39 70 40 54 56 51 60 63 60 49 69 56 68 70 68 56 70
2014-10-22-12h-09m-06s-female\42 44 88 44 89 44 47 51 44 57 46 51 48 75 47 81 44 88 47 81 49 67 63 60 68 74 68 56 83 67 77 76 83 67 89
2014-10-22-12h-09m-06s-female\43 44 88 44 82 44 47 52 44 58 47 52 49 75 47 82 44 88 47 82 49 67 63 59 68 74 68 56 80 67 77 76 80 67 82
2014-10-22-12h-09m-06s-female\44 44 88 44 79 44 46 51 44 57 47 51 48 75 47 81 45 88 46 81 48 67 64 59 68 73 68 54 77 66 77 78 76 66 79
2014-10-22-12h-09m-06s-female\45 46 91 46 82 46 48 53 46 60 49 53 49 78 49 84 46 91 49 84 50 69 66 61 69 77 69 54 75 68 77 81 76 68 82
2014-10-22-12h-09m-06s-female\46 45 89 45 78 45 46 51 45 58 46 52 48 76 47 82 45 89 47 82 48 67 63 60 68 74 68 56 77 67 76 78 77 67 78
2014-10-22-12h-09m-06s-female\47 41 82 41 73 41 41 47 41 53 41 47 42 70 41 77 41 82 41 77 42 62 58 55 62 69 62 51 72 62 71 72 71 62 73
2014-10-22-12h-09m-06s-female\48 39 78 39 88 39 42 47 39 52 41 47 43 68 42 74 40 78 42 74 44 66 58 57 63 68 63 50 79 64 72 65 80 59 88
2014-10-22-12h-09m-06s-female\49 40 79 40 80 40 42 47 40 52 43 47 44 68 43 75 41 79 43 74 45 66 60 57 64 68 65 51 76 64 74 68 76 62 80
2014-10-22-12h-09m-06s-female\50 39 77 39 74 39 40 46 39 51 41 46 42 68 42 73 40 77 42 73 43 64 59 55 63 67 63 46 72 61 72 68 72 61 74
2014-10-22-12h-09m-06s-female\51 41 81 41 78 41 43 49 41 54 44 49 45 70 45 77 42 81 44 77 46 68 61 57 65 70 65 46 71 63 73 71 71 62 78
2014-10-22-12h-09m-06s-female\52 40 79 40 75 40 42 47 40 53 42 47 44 68 43 75 41 79 43 75 45 66 59 57 64 68 64 50 73 62 73 69 73 61 75
2014-10-22-12h-09m-06s-female\53 36 71 36 68 36 36 43 36 48 36 43 38 63 37 68 37 71 38 68 39 61 52 51 57 62 58 44 67 57 66 63 67 56 68
2014-10-23-12h-04m-01s-male\0 38 75 38 80 38 41 43 38 48 41 43 42 64 42 70 40 75 44 69 44 55 49 49 56 60 56 44 72 54 63 62 73 52 80
2014-10-23-12h-04m-01s-male\1 37 73 37 71 37 40 42 37 47 40 42 41 63 42 68 39 73 43 68 43 54 49 48 55 59 55 44 68 53 62 61 69 52 71
2014-10-23-12h-04m-01s-male\2 37 73 37 68 37 41 42 37 47 40 42 42 63 43 68 39 73 43 68 44 54 49 48 55 59 55 43 65 53 63 62 68 53 65
2014-10-23-12h-04m-01s-male\3 38 75 38 67 38 42 43 38 49 42 43 43 64 43 69 41 75 44 69 45 55 50 49 56 60 56 43 64 55 63 66 67 55 65
2014-10-23-12h-04m-01s-male\4 38 75 38 68 38 42 43 38 49 42 43 43 64 43 69 40 75 44 69 44 55 50 50 56 61 56 46 67 55 64 64 68 55 66
2014-10-23-12h-04m-01s-male\5 37 73 37 63 37 38 42 37 47 37 42 38 62 38 69 38 73 40 68 39 53 45 48 51 59 51 44 61 53 58 62 63 53 60
2014-10-23-12h-04m-01s-male\6 36 72 36 77 36 41 42 36 47 40 42 41 63 40 69 37 72 41 68 42 56 47 50 53 61 53 46 70 55 61 63 71 55 77
2014-10-23-12h-04m-01s-male\7 37 73 37 70 37 41 43 37 48 41 43 42 63 41 69 38 73 43 68 43 56 49 50 55 61 55 47 67 56 61 64 68 56 70
2014-10-23-12h-04m-01s-male\8 37 73 37 66 37 41 43 37 48 40 43 41 63 41 69 38 73 42 69 42 56 48 50 54 61 54 46 64 56 61 65 66 56 63
2014-10-23-12h-04m-01s-male\9 37 73 37 64 37 41 42 37 48 41 42 42 63 41 69 38 73 42 68 43 56 49 50 54 61 54 44 63 56 61 66 64 56 63
2014-10-23-12h-04m-01s-male\10 37 73 37 66 37 41 43 37 48 40 43 42 63 41 69 38 73 42 69 42 56 48 51 54 61 54 47 64 56 61 66 66 56 63
2014-10-23-12h-04m-01s-male\11 37 73 37 62 37 38 41 37 47 37 42 38 63 37 69 37 73 39 68 38 56 45 50 50 60 50 46 60 56 57 65 62 56 59
2014-10-23-12h-04m-01s-male\12 33 66 33 72 33 37 39 33 44 36 39 37 58 37 63 34 66 37 63 38 56 44 49 49 59 50 45 66 56 56 61 66 55 72
2014-10-23-12h-04m-01s-male\13 34 68 34 65 34 38 40 34 45 37 40 38 59 38 64 35 68 38 64 39 57 45 50 51 60 51 46 64 57 57 63 64 57 65
2014-10-23-12h-04m-01s-male\14 35 70 35 63 35 39 41 35 46 38 41 39 60 39 66 36 70 39 66 40 57 46 51 52 61 52 47 62 57 58 65 63 57 61
2014-10-23-12h-04m-01s-male\15 35 69 35 59 35 38 41 35 46 37 41 37 60 37 66 37 69 39 65 39 57 45 50 50 60 50 41 58 56 56 65 59 56 58
2014-10-23-12h-04m-01s-male\16 33 66 33 62 33 37 39 33 43 36 39 37 58 37 63 34 66 37 63 38 55 44 48 50 58 50 44 60 55 57 63 62 55 59
2014-10-23-12h-04m-01s-male\17 33 66 33 58 33 34 38 33 43 33 38 34 58 33 63 33 66 34 63 34 55 40 48 46 58 46 44 56 55 53 63 58 55 55
2014-10-23-12h-04m-01s-male\18 37 73 37 72 37 40 42 37 47 40 42 41 61 40 67 37 73 41 67 41 51 48 47 54 58 54 44 68 51 61 60 69 51 72
2014-10-23-12h-04m-01s-male\19 37 73 37 69 37 40 42 37 47 40 42 41 62 40 67 38 73 41 67 42 51 48 47 54 58 54 45 67 52 61 61 68 52 69
2014-10-23-12h-04m-01s-male\20 38 75 38 67 38 42 43 38 49 41 43 43 63 41 69 39 75 43 69 43 53 49 49 55 59 55 45 66 53 62 63 67 53 65
2014-10-23-12h-04m-01s-male\21 38 75 38 64 38 42 43 38 49 41 43 42 63 42 69 39 75 43 69 43 53 49 49 55 59 55 44 63 53 61 69 64 53 63
2014-10-23-12h-04m-01s-male\22 37 74 37 65 37 41 42 37 48 40 42 41 63 40 68 38 74 41 68 41 52 49 48 54 58 54 44 65 52 61 63 65 52 64
2014-10-23-12h-04m-01s-male\23 38 75 38 63 38 39 43 38 48 38 43 39 64 38 70 38 75 40 70 39 53 46 50 52 60 52 46 62 54 59 65 63 54 61
2014-10-23-12h-04m-01s-male\24 38 75 38 74 38 42 44 38 49 41 44 42 64 40 70 38 75 41 69 42 57 49 52 55 62 55 49 70 57 62 66 70 57 74
2014-10-23-12h-04m-01s-male\25 37 74 37 68 37 41 43 37 48 40 43 41 63 39 69 37 74 41 69 41 56 48 51 53 62 53 48 67 57 60 66 67 57 68
2014-10-23-12h-04m-01s-male\26 36 72 36 65 36 40 41 36 46 39 41 41 61 39 67 36 72 40 67 40 55 48 49 53 60 53 46 64 55 60 65 65 55 63
2014-10-23-12h-04m-01s-male\27 38 76 38 64 38 42 45 38 50 41 45 42 65 41 71 38 76 42 71 42 58 50 52 55 63 55 46 64 58 62 69 64 58 64
2014-10-23-12h-04m-01s-male\28 37 74 37 65 37 41 43 37 48 40 43 41 63 40 69 38 74 41 69 42 56 49 50 54 61 54 47 65 57 61 66 65 57 64
2014-10-23-12h-04m-01s-male\29 38 76 38 63 38 39 43 38 49 38 44 39 66 38 72 38 76 39 72 39 58 46 53 51 63 51 49 62 59 58 69 63 59 61
2014-10-23-12h-04m-01s-male\30 33 65 33 70 33 37 39 33 44 36 39 37 57 36 62 34 65 36 62 37 57 44 50 50 59 50 46 65 58 55 61 64 58 70
2014-10-23-12h-04m-01s-male\31 33 65 33 65 33 37 39 33 43 36 39 38 57 36 62 33 65 36 62 38 56 44 49 51 59 51 45 64 57 56 62 63 57 65
2014-10-23-12h-04m-01s-male\32 32 64 32 61 32 35 38 32 43 35 38 36 56 35 61 32 64 35 61 36 55 43 48 48 58 49 45 59 56 55 62 61 56 58
2014-10-23-12h-04m-01s-male\33 32 64 32 57 32 35 38 32 43 35 38 36 56 35 61 32 64 35 61 36 55 43 47 48 58 48 38 57 54 54 62 57 54 57
2014-10-23-12h-04m-01s-male\34 34 67 34 63 34 37 41 34 45 37 41 38 58 37 64 35 67 38 63 39 57 45 50 50 59 51 46 61 57 57 63 63 57 60
2014-10-23-12h-04m-01s-male\35 36 71 36 62 36 37 42 36 47 37 42 37 62 37 67 37 71 38 67 38 60 45 53 50 62 51 48 61 60 58 66 62 60 60
2014-10-23-12h-04m-01s-male\36 39 77 39 74 39 42 45 39 50 42 45 43 65 43 70 40 77 43 70 44 54 54 51 59 61 59 50 70 55 66 67 71 56 74
2014-10-23-12h-04m-01s-male\37 38 75 38 71 38 41 43 39 48 41 43 43 63 41 68 38 75 42 68 43 52 53 48 58 59 57 47 69 53 65 64 69 54 71
2014-10-23-12h-04m-01s-male\38 37 74 37 66 37 40 42 37 48 40 42 42 62 40 68 37 74 40 68 41 52 51 49 56 58 56 46 65 54 64 65 66 54 66
2014-10-23-12h-04m-01s-male\39 38 76 38 65 38 40 43 38 49 40 43 41 64 40 69 38 76 40 69 41 53 50 49 55 60 55 46 63 55 63 69 64 55 65
2014-10-23-12h-04m-01s-male\40 38 75 38 66 38 40 43 38 48 40 43 42 63 40 68 38 75 41 68 42 52 51 49 55 59 55 46 65 54 63 65 66 54 66
2014-10-23-12h-04m-01s-male\41 37 74 37 63 37 38 42 37 48 37 43 38 63 37 69 37 74 38 69 38 52 48 49 52 59 52 46 62 53 60 65 63 53 62
2014-10-23-12h-04m-01s-male\42 39 77 39 74 39 42 44 40 51 42 45 43 66 41 72 39 77 41 72 42 59 52 53 57 64 57 50 70 59 65 68 70 59 74
2014-10-23-12h-04m-01s-male\43 39 77 39 71 39 43 45 40 50 42 45 44 65 42 72 39 77 42 72 43 58 53 53 58 63 58 50 70 59 66 68 70 59 71
2014-10-23-12h-04m-01s-male\44 38 76 38 67 38 42 43 39 49 42 43 43 65 40 70 38 76 42 70 42 58 52 52 57 63 57 48 67 58 64 68 66 58 67
2014-10-23-12h-04m-01s-male\45 40 79 40 67 40 44 46 41 52 43 46 45 67 42 73 40 79 43 73 44 61 54 54 58 66 58 49 66 61 65 73 66 61 67
2014-10-23-12h-04m-01s-male\46 39 77 39 69 39 43 44 40 51 41 45 43 66 41 72 39 77 42 71 43 59 53 53 57 65 57 51 68 60 65 70 69 60 67
2014-10-23-12h-04m-01s-male\47 40 79 40 67 40 42 45 41 51 41 45 42 68 40 74 40 79 41 74 41 61 51 55 56 66 56 52 67 62 63 71 67 62 66
2014-10-23-12h-04m-01s-male\48 35 69 35 73 35 38 42 35 47 37 42 39 60 37 66 35 69 37 65 39 59 47 52 52 62 52 48 67 59 60 63 68 58 73
2014-10-23-12h-04m-01s-male\49 33 66 33 66 33 36 39 33 44 36 39 38 57 36 63 33 66 36 63 37 56 47 48 52 58 52 44 65 55 59 60 64 55 66
2014-10-23-12h-04m-01s-male\50 35 69 35 64 35 38 42 35 47 37 42 39 61 37 66 35 69 37 66 39 59 48 51 52 61 53 46 64 58 60 64 64 58 63
2014-10-23-12h-04m-01s-male\51 34 68 34 61 34 37 41 35 46 37 41 39 59 37 65 34 68 37 65 38 58 48 50 52 60 52 43 60 55 59 63 60 55 61
2014-10-23-12h-04m-01s-male\52 35 69 35 64 35 38 41 35 46 38 41 39 59 38 65 35 69 37 65 39 58 49 50 53 60 53 46 64 57 60 63 63 57 63
2014-10-23-12h-04m-01s-male\53 33 66 33 59 33 34 39 33 44 33 39 34 57 33 62 33 66 34 62 34 55 44 48 48 57 48 43 59 54 56 60 59 54 58
2014-10-25-11h-50m-54s-male\0 37 73 37 85 37 43 41 39 47 42 41 44 62 41 67 37 73 40 67 41 51 53 48 59 59 58 48 76 53 68 66 75 56 85
2014-10-25-11h-50m-54s-male\1 37 73 37 75 37 42 41 39 47 41 41 43 62 40 67 37 73 40 67 41 51 53 48 58 58 58 46 71 52 67 64 71 54 75
2014-10-25-11h-50m-54s-male\2 39 77 39 72 39 44 44 41 50 43 44 45 65 42 70 39 77 42 70 43 55 55 51 61 62 60 49 72 57 70 68 71 57 72
2014-10-25-11h-50m-54s-male\3 38 75 38 72 38 44 43 40 48 43 43 44 63 41 68 38 75 41 68 42 53 54 49 59 60 59 47 70 55 68 68 69 55 72
2014-10-25-11h-50m-54s-male\4 37 73 37 70 37 42 41 39 47 42 41 43 62 40 67 37 73 40 67 41 52 53 48 58 59 58 47 70 53 67 64 69 54 70
2014-10-25-11h-50m-54s-male\5 37 73 37 66 37 40 42 39 47 38 42 40 62 37 67 37 73 37 67 38 52 49 48 54 59 54 46 65 53 63 65 65 54 66
2014-10-25-11h-50m-54s-male\6 39 77 39 87 39 43 46 40 50 42 46 44 66 42 72 39 77 42 72 43 59 53 53 59 64 59 49 76 58 69 69 77 60 87
2014-10-25-11h-50m-54s-male\7 39 78 39 75 39 43 45 39 50 43 45 44 66 42 72 39 78 43 72 43 58 54 53 60 64 60 50 73 59 69 68 72 59 75
2014-10-25-11h-50m-54s-male\8 39 77 39 72 39 44 45 40 50 43 45 44 66 43 72 39 77 43 72 43 58 55 53 60 64 60 48 70 58 70 69 70 58 72
2014-10-25-11h-50m-54s-male\9 39 77 39 72 39 43 45 40 50 43 45 44 65 42 71 39 77 42 71 43 58 55 52 59 64 59 48 70 58 69 69 69 58 72
2014-10-25-11h-50m-54s-male\10 39 77 39 72 39 44 45 40 50 43 45 45 65 43 71 39 77 43 71 44 58 55 52 60 63 60 49 71 58 69 68 71 58 72
2014-10-25-11h-50m-54s-male\11 39 77 39 68 39 41 44 41 50 40 44 42 66 39 72 40 77 40 72 41 58 51 53 56 64 56 50 67 59 65 69 66 59 68
2014-10-25-11h-50m-54s-male\12 36 72 36 81 36 40 43 36 48 39 43 41 62 39 68 36 72 40 67 41 59 50 52 57 62 57 47 72 58 65 65 73 58 81
2014-10-25-11h-50m-54s-male\13 38 75 38 73 38 43 45 39 50 42 45 44 65 42 71 38 75 42 71 43 61 54 54 59 64 59 49 71 60 68 67 71 60 73
2014-10-25-11h-50m-54s-male\14 39 77 39 70 39 43 46 39 52 42 46 44 66 42 72 39 77 42 72 43 62 54 56 59 66 59 50 70 61 68 70 69 61 70
2014-10-25-11h-50m-54s-male\15 38 75 38 71 38 42 45 39 50 41 45 43 65 41 71 38 75 41 71 42 60 53 53 57 64 57 47 68 60 65 69 67 60 71
2014-10-25-11h-50m-54s-male\16 38 75 38 70 38 43 45 39 50 42 45 44 65 41 71 38 75 41 71 43 60 53 53 59 65 59 49 70 60 68 68 69 60 70
2014-10-25-11h-50m-54s-male\17 38 75 38 66 38 39 44 39 49 38 44 40 64 38 70 38 75 38 70 39 60 49 53 54 64 54 49 65 59 63 68 64 59 66
2014-10-25-11h-50m-54s-male\18 38 75 38 80 38 44 43 40 48 43 43 44 63 41 68 38 75 41 68 42 53 54 50 59 60 59 48 72 54 67 66 73 56 80
2014-10-25-11h-50m-54s-male\19 38 75 38 76 38 43 43 39 48 41 43 43 63 40 68 38 75 40 68 42 53 53 50 58 60 58 47 70 54 66 65 70 55 76
2014-10-25-11h-50m-54s-male\20 38 75 38 69 38 42 43 39 48 42 43 43 63 40 68 38 75 40 68 42 53 53 50 57 60 57 47 68 54 67 66 68 54 69
2014-10-25-11h-50m-54s-male\21 39 77 39 72 39 44 44 41 50 43 44 45 65 42 71 39 77 42 71 43 55 55 51 59 62 59 48 69 56 68 69 69 56 72
2014-10-25-11h-50m-54s-male\22 39 77 39 71 39 43 44 40 50 43 44 44 65 41 71 39 77 41 71 43 55 54 51 59 63 59 49 70 56 68 68 69 56 71
2014-10-25-11h-50m-54s-male\23 37 73 37 66 37 40 42 39 47 38 42 40 62 37 68 38 73 38 68 39 53 50 49 54 60 54 46 65 54 63 65 64 54 66
2014-10-25-11h-50m-54s-male\24 38 76 38 79 38 42 44 39 49 41 44 43 64 41 70 38 76 42 70 43 57 52 52 58 63 58 48 72 57 66 66 73 57 79
2014-10-25-11h-50m-54s-male\25 40 79 40 77 40 44 47 40 52 43 47 44 67 43 73 40 79 43 73 44 60 54 54 60 66 60 51 73 60 68 69 74 60 77
2014-10-25-11h-50m-54s-male\26 40 79 40 72 40 45 46 41 52 44 46 46 67 44 73 40 79 44 73 45 60 56 54 61 65 61 49 71 59 69 70 71 59 72
2014-10-25-11h-50m-54s-male\27 40 79 40 72 40 44 47 41 52 43 47 45 67 43 73 40 79 43 73 44 60 55 54 59 66 59 48 69 60 68 71 69 60 72
2014-10-25-11h-50m-54s-male\28 39 78 39 70 39 42 46 39 51 42 46 43 66 41 72 39 78 42 72 43 59 54 52 59 65 59 47 69 58 68 68 69 58 70
2014-10-25-11h-50m-54s-male\29 36 71 36 64 36 38 41 37 46 37 41 38 62 36 67 37 71 37 67 38 54 48 49 53 60 53 45 63 54 62 64 63 54 64
2014-10-25-11h-50m-54s-male\30 37 74 37 79 37 40 44 37 49 40 44 41 64 39 70 37 74 40 70 41 60 52 52 57 64 57 48 71 59 65 65 72 58 79
2014-10-25-11h-50m-54s-male\31 38 76 38 75 38 41 46 38 51 41 46 43 65 41 71 38 76 41 71 42 61 53 54 58 65 58 49 71 60 66 67 72 60 75
2014-10-25-11h-50m-54s-male\32 39 77 39 71 39 43 47 39 52 42 47 44 66 42 72 39 77 42 72 44 62 54 55 59 66 59 49 69 61 68 70 69 61 71
2014-10-25-11h-50m-54s-male\33 39 77 39 71 39 42 46 39 51 42 46 43 66 41 72 39 77 41 72 43 61 55 54 59 66 59 48 69 61 68 69 68 61 71
2014-10-25-11h-50m-54s-male\34 39 77 39 69 39 41 46 40 51 41 46 42 66 41 72 39 77 40 72 41 61 53 54 57 66 57 50 68 60 67 68 67 60 69
2014-10-25-11h-50m-54s-male\35 36 71 36 64 36 38 42 37 47 37 42 38 62 36 67 37 71 37 67 38 57 49 50 53 61 53 46 64 57 63 65 63 57 64
2014-10-25-11h-50m-54s-male\36 38 75 38 80 38 43 43 40 48 42 43 44 63 40 68 38 75 40 68 42 53 54 50 59 60 58 49 72 54 68 67 73 57 80
2014-10-25-11h-50m-54s-male\37 39 77 39 74 39 45 44 41 50 43 45 45 65 41 71 39 77 41 71 43 55 55 52 60 62 59 51 71 58 68 68 71 59 74
2014-10-25-11h-50m-54s-male\38 39 77 39 71 39 45 44 41 50 43 45 45 65 42 70 39 77 41 70 43 55 55 52 60 62 59 50 70 57 69 68 69 57 71
2014-10-25-11h-50m-54s-male\39 38 75 38 71 38 43 43 40 48 42 43 44 64 40 69 38 75 40 69 42 54 54 51 59 61 58 48 68 56 67 68 68 56 71
2014-10-25-11h-50m-54s-male\40 38 75 38 69 38 42 43 40 48 42 43 43 64 40 70 38 75 40 70 41 54 54 50 58 62 58 48 68 55 67 67 68 55 69
2014-10-25-11h-50m-54s-male\41 38 75 38 67 38 41 43 40 48 39 43 42 64 38 70 39 75 38 70 40 54 51 51 56 61 55 49 67 56 65 67 66 56 67
2014-10-25-11h-50m-54s-male\42 39 77 39 79 39 43 45 40 50 42 45 43 66 41 72 39 77 41 72 42 58 54 53 59 64 59 50 72 59 67 68 72 59 79
2014-10-25-11h-50m-54s-male\43 40 79 40 76 40 44 47 41 52 43 47 44 67 42 73 40 79 42 73 43 60 55 54 60 66 59 52 72 60 68 69 71 61 76
2014-10-25-11h-50m-54s-male\44 40 79 40 71 40 43 46 41 52 43 46 45 67 42 73 40 79 42 73 43 60 55 54 60 66 59 51 70 61 69 70 69 61 71
2014-10-25-11h-50m-54s-male\45 40 79 40 72 40 43 45 41 51 42 45 44 67 42 73 40 79 41 73 43 60 55 54 59 66 59 50 69 60 68 71 68 60 72
2014-10-25-11h-50m-54s-male\46 40 79 40 72 40 44 46 42 52 43 46 45 67 43 73 40 79 42 73 44 59 55 54 60 66 60 50 70 59 69 69 70 59 72
2014-10-25-11h-50m-54s-male\47 37 73 37 65 37 39 43 38 48 37 43 39 63 37 69 38 73 37 69 39 56 49 51 54 62 54 47 65 57 63 66 64 57 65
2014-10-25-11h-50m-54s-male\48 37 74 37 78 37 39 44 37 49 39 44 40 63 39 69 37 74 39 69 40 61 51 53 55 64 56 48 70 60 64 65 71 58 78
2014-10-25-11h-50m-54s-male\49 36 72 36 70 36 38 43 36 48 38 43 39 62 38 68 36 72 38 68 39 59 50 51 55 62 55 46 67 58 63 64 67 57 70
2014-10-25-11h-50m-54s-male\50 38 75 38 70 38 42 45 39 50 41 45 43 64 41 71 38 75 41 71 42 61 53 54 58 64 58 47 68 60 67 68 68 60 70
2014-10-25-11h-50m-54s-male\51 39 77 39 71 39 42 46 40 52 42 46 43 66 41 72 39 77 41 72 43 62 54 55 59 65 59 48 68 61 67 69 68 61 71
2014-10-25-11h-50m-54s-male\52 40 79 40 71 40 44 47 41 53 43 47 45 67 43 74 40 79 43 74 44 62 56 55 60 68 60 48 69 61 69 71 69 61 71
2014-10-25-11h-50m-54s-male\53 38 75 38 66 38 39 45 39 51 38 45 40 66 38 71 38 75 38 71 39 61 50 55 54 65 54 50 65 60 64 68 65 60 66
2014-10-28-11h-53m-14s-female\0 32 63 32 73 32 34 37 32 41 35 36 36 54 35 58 32 63 35 58 36 43 44 41 50 49 50 39 66 43 58 52 67 45 73
2014-10-28-11h-53m-14s-female\1 33 65 33 68 33 36 37 33 42 36 37 37 55 37 60 33 65 37 60 38 45 46 42 51 50 51 39 64 45 58 53 65 45 68
2014-10-28-11h-53m-14s-female\2 32 64 32 62 32 36 37 32 41 35 37 37 54 36 59 33 64 36 59 37 44 46 41 51 50 51 38 62 44 59 53 62 44 61
2014-10-28-11h-53m-14s-female\3 33 65 33 61 33 36 38 33 42 36 38 37 55 37 60 34 65 37 60 38 45 46 42 52 51 52 39 60 46 59 57 61 46 61
2014-10-28-11h-53m-14s-female\4 33 65 33 59 33 36 38 33 42 36 38 37 55 37 60 33 65 37 60 38 45 46 42 52 51 52 38 58 45 57 56 59 45 59
2014-10-28-11h-53m-14s-female\5 31 61 31 56 31 32 35 31 39 31 36 32 52 31 56 32 61 33 56 33 42 41 39 46 47 46 35 56 42 53 51 56 42 55
2014-10-28-11h-53m-14s-female\6 34 67 34 75 34 37 40 34 44 38 40 38 57 39 63 36 67 39 63 40 51 48 46 53 55 53 42 68 50 60 56 69 49 75
2014-10-28-11h-53m-14s-female\7 34 67 34 67 34 37 39 34 44 37 39 38 57 38 63 36 67 39 63 40 51 48 46 53 55 54 42 65 50 60 56 66 50 67
2014-10-28-11h-53m-14s-female\8 34 67 34 64 34 38 40 34 44 38 40 39 57 39 62 36 67 40 62 40 51 49 46 54 55 54 42 63 50 61 58 64 50 63
2014-10-28-11h-53m-14s-female\9 34 67 34 65 34 37 39 34 44 37 39 38 58 38 63 36 67 39 63 40 51 49 46 53 55 53 40 62 50 61 59 63 50 65
2014-10-28-11h-53m-14s-female\10 34 67 34 61 34 37 39 34 44 37 39 38 57 38 62 35 67 39 62 39 50 48 45 52 55 52 40 60 50 59 58 61 50 61
2014-10-28-11h-53m-14s-female\11 31 61 31 58 31 32 35 32 40 31 35 33 53 32 57 34 61 34 57 35 47 42 42 47 50 47 39 57 46 55 52 58 46 57
2014-10-28-11h-53m-14s-female\12 31 61 31 77 31 35 37 31 41 35 36 36 53 36 58 34 61 37 57 38 51 46 45 51 53 52 39 68 49 59 52 69 46 77
2014-10-28-11h-53m-14s-female\13 31 61 31 67 31 35 37 31 41 35 37 36 53 37 58 34 61 37 58 38 52 46 45 51 53 52 40 63 50 58 53 64 48 67
2014-10-28-11h-53m-14s-female\14 31 61 31 63 31 34 37 31 40 35 36 36 52 36 57 34 61 37 57 38 50 47 44 51 52 52 39 61 48 59 54 63 48 61
2014-10-28-11h-53m-14s-female\15 31 61 31 62 31 34 37 31 40 35 36 36 53 37 58 34 61 37 58 38 50 47 44 51 52 52 37 60 49 59 54 60 48 62
2014-10-28-11h-53m-14s-female\16 31 61 31 60 31 35 36 31 41 35 36 36 53 36 58 34 61 37 57 38 51 47 44 51 53 52 39 59 49 57 54 60 49 59
2014-10-28-11h-53m-14s-female\17 29 57 29 57 29 29 34 29 38 29 34 30 50 30 54 32 57 33 54 33 47 40 41 45 50 45 36 55 46 52 51 57 45 54
2014-10-28-11h-53m-14s-female\18 33 66 33 75 33 37 38 33 43 36 38 38 55 37 60 34 66 37 60 39 46 48 44 54 52 54 41 68 47 61 56 69 48 75
2014-10-28-11h-53m-14s-female\19 34 67 34 71 34 38 39 34 44 38 39 39 56 38 61 35 67 39 61 40 47 50 45 54 53 54 42 67 48 61 56 67 49 71
2014-10-28-11h-53m-14s-female\20 34 67 34 64 34 37 39 34 44 37 39 38 57 38 62 35 67 38 62 39 48 49 45 54 53 54 41 63 48 62 57 64 48 64
2014-10-28-11h-53m-14s-female\21 33 65 33 64 33 37 38 33 42 37 38 38 55 38 60 35 65 38 60 39 46 49 43 53 52 53 40 62 47 61 57 63 47 64
2014-10-28-11h-53m-14s-female\22 33 65 33 60 33 36 37 33 42 36 37 37 55 37 60 35 65 37 60 39 45 48 42 53 51 53 39 59 46 58 55 60 46 60
2014-10-28-11h-53m-14s-female\23 31 61 31 57 31 31 35 31 39 31 35 32 53 31 57 33 61 33 57 34 43 43 40 47 49 47 38 56 44 55 52 57 44 57
2014-10-28-11h-53m-14s-female\24 34 67 34 78 34 37 39 34 43 38 39 39 57 38 62 36 67 39 62 40 51 50 46 55 55 55 42 71 50 63 56 72 49 78
2014-10-28-11h-53m-14s-female\25 34 67 34 71 34 37 39 34 44 37 39 39 57 39 62 36 67 40 62 41 51 50 46 55 55 56 42 66 50 62 56 68 49 71
2014-10-28-11h-53m-14s-female\26 34 67 34 64 34 37 40 34 44 37 40 38 58 38 63 35 67 38 62 40 51 49 46 54 56 54 42 63 50 62 57 64 50 64
2014-10-28-11h-53m-14s-female\27 34 67 34 66 34 38 40 34 44 38 40 39 58 39 63 36 67 40 62 41 51 50 46 55 56 55 41 63 51 63 59 64 51 66
2014-10-28-11h-53m-14s-female\28 35 69 35 64 35 39 41 35 45 39 41 40 59 40 64 37 69 40 64 41 52 51 47 55 57 55 44 63 52 61 58 64 52 63
2014-10-28-11h-53m-14s-female\29 32 63 32 59 32 33 37 34 41 32 37 35 55 34 59 35 63 35 59 36 48 45 43 49 52 49 40 58 48 57 54 59 48 59
2014-10-28-11h-53m-14s-female\30 30 59 30 73 30 33 35 30 39 33 35 34 51 34 56 32 59 35 55 36 49 46 43 50 51 51 36 66 47 58 49 66 43 73
2014-10-28-11h-53m-14s-female\31 31 61 31 68 31 34 37 31 41 35 37 36 52 36 57 34 61 37 57 38 50 48 44 52 52 53 38 64 48 59 51 64 46 68
2014-10-28-11h-53m-14s-female\32 31 61 31 63 31 34 36 31 41 34 36 35 53 36 58 34 61 36 57 38 51 47 45 51 52 52 39 61 48 59 52 63 48 61
2014-10-28-11h-53m-14s-female\33 31 61 31 62 31 34 37 31 41 34 37 36 53 36 58 34 61 37 57 38 50 47 43 52 52 52 37 60 48 58 52 60 47 62
2014-10-28-11h-53m-14s-female\34 31 61 31 59 31 34 36 31 40 34 36 35 52 36 57 34 61 36 57 38 50 47 43 51 52 52 39 58 48 57 52 59 47 59
2014-10-28-11h-53m-14s-female\35 28 55 28 55 28 28 32 28 36 28 32 29 49 29 52 31 55 31 52 32 46 40 39 44 47 45 34 54 43 52 47 55 43 54
2014-10-28-11h-53m-14s-female\36 34 67 34 75 34 37 38 34 43 37 38 38 57 37 62 36 67 38 62 39 48 50 45 55 54 55 43 68 49 62 58 70 51 75
2014-10-28-11h-53m-14s-female\37 34 67 34 69 34 36 38 34 43 36 38 38 57 37 61 35 67 38 61 39 47 50 45 54 53 54 42 65 48 61 57 66 49 69
2014-10-28-11h-53m-14s-female\38 33 65 33 63 33 35 37 33 42 35 37 36 55 36 60 34 65 36 60 37 46 49 44 52 52 52 41 62 47 61 55 62 47 63
2014-10-28-11h-53m-14s-female\39 33 65 33 64 33 35 37 33 42 36 37 36 55 36 60 34 65 37 60 38 46 49 43 53 52 53 41 62 47 60 57 63 47 64
2014-10-28-11h-53m-14s-female\40 33 65 33 60 33 35 37 33 42 36 37 37 55 37 60 34 65 37 60 38 45 49 43 53 52 53 41 59 48 59 57 60 48 60
2014-10-28-11h-53m-14s-female\41 31 61 31 57 31 31 35 32 38 31 35 33 53 32 57 33 61 33 57 34 43 44 41 48 49 48 39 57 44 55 52 57 44 57
2014-10-28-11h-53m-14s-female\42 35 69 35 75 35 38 40 35 45 38 40 39 59 39 64 37 69 39 64 40 52 51 47 55 56 56 42 68 51 63 57 70 50 75
2014-10-28-11h-53m-14s-female\43 35 69 35 70 35 37 40 35 45 38 40 39 59 38 64 37 69 39 64 40 52 52 47 55 56 56 43 66 51 62 57 67 50 70
2014-10-28-11h-53m-14s-female\44 35 69 35 65 35 37 40 35 45 37 40 38 59 38 64 36 69 38 64 39 52 51 47 55 56 55 44 63 51 63 58 64 51 65
2014-10-28-11h-53m-14s-female\45 35 69 35 66 35 37 40 35 45 38 40 39 59 39 64 37 69 39 64 40 52 52 47 56 56 56 43 63 51 63 58 64 51 66
2014-10-28-11h-53m-14s-female\46 35 69 35 63 35 37 40 35 45 38 40 39 59 39 64 37 69 39 64 40 52 52 47 55 56 55 43 62 51 61 59 63 51 63
2014-10-28-11h-53m-14s-female\47 32 63 32 58 32 32 36 33 40 32 36 34 54 32 59 34 63 34 59 35 47 45 42 48 51 49 39 57 46 56 53 58 46 58
2014-10-28-11h-53m-14s-female\48 31 61 31 72 31 33 37 31 40 34 37 35 53 36 58 33 61 36 57 37 50 48 43 52 51 53 36 64 47 59 48 67 42 72
2014-10-28-11h-53m-14s-female\49 31 61 31 65 31 33 36 31 41 34 36 35 53 35 57 33 61 35 57 37 50 48 44 52 51 52 37 62 46 59 50 62 45 65
2014-10-28-11h-53m-14s-female\50 30 59 30 60 30 32 35 30 39 32 35 34 52 33 56 31 59 34 56 35 48 47 41 50 49 51 36 59 45 58 49 59 45 60
2014-10-28-11h-53m-14s-female\51 31 61 31 63 31 33 36 31 41 34 36 35 53 35 58 33 61 35 58 37 49 48 43 52 50 52 35 60 46 58 50 60 45 63
2014-10-28-11h-53m-14s-female\52 31 61 31 59 31 33 36 31 41 34 36 35 53 35 58 33 61 35 58 37 50 48 43 52 51 52 38 59 47 57 51 59 46 59
2014-10-28-11h-53m-14s-female\53 28 55 28 56 28 29 32 30 36 28 32 31 49 30 52 31 55 31 52 32 45 43 39 46 47 46 33 54 42 53 46 55 41 56
2014-10-29-12h-05m-32s-female\0 46 91 46 100 46 52 51 46 58 52 51 53 77 52 83 46 91 51 83 52 60 67 58 73 68 73 56 88 61 82 80 90 65 100
2014-10-29-12h-05m-32s-female\1 46 92 46 93 46 51 51 46 58 51 51 52 78 51 84 46 92 51 84 52 61 67 58 73 69 73 57 86 63 82 81 88 65 93
2014-10-29-12h-05m-32s-female\2 47 93 47 87 47 53 53 48 59 53 53 54 79 53 85 47 93 52 85 54 63 69 60 75 71 75 56 86 64 85 84 86 64 87
2014-10-29-12h-05m-32s-female\3 47 93 47 87 47 53 53 47 59 53 53 54 78 53 85 47 93 52 85 54 63 68 59 74 71 74 56 84 65 83 85 83 66 87
2014-10-29-12h-05m-32s-female\4 46 92 46 85 46 51 51 46 58 52 51 52 77 52 84 46 92 51 84 53 62 68 58 73 70 73 55 84 63 82 80 85 63 84
2014-10-29-12h-05m-32s-female\5 44 87 44 76 44 44 49 45 54 45 49 46 74 45 80 46 87 45 80 47 59 59 55 64 66 64 52 75 60 73 77 76 60 75
2014-10-29-12h-05m-32s-female\6 50 100 50 107 50 56 59 50 65 56 58 57 86 57 92 51 100 56 93 58 75 73 68 79 81 79 61 96 75 88 85 95 73 107
2014-10-29-12h-05m-32s-female\7 51 101 51 97 51 56 59 51 65 56 59 57 86 58 93 52 101 57 94 59 76 75 69 80 81 81 61 93 75 89 87 93 75 97
2014-10-29-12h-05m-32s-female\8 50 99 50 91 50 55 57 50 64 55 57 57 85 57 92 51 99 56 92 58 74 74 68 79 80 79 60 90 74 89 87 90 74 91
2014-10-29-12h-05m-32s-female\9 50 99 50 92 50 55 58 50 65 56 57 57 85 57 92 51 99 56 92 58 75 73 68 78 81 78 59 88 75 88 87 88 75 92
2014-10-29-12h-05m-32s-female\10 51 101 51 91 51 56 60 51 66 56 60 58 86 58 93 52 101 57 93 59 76 75 69 80 82 81 58 90 75 89 89 90 75 91
2014-10-29-12h-05m-32s-female\11 49 97 49 82 49 49 56 49 62 49 56 50 84 50 91 51 97 51 91 52 73 66 65 71 78 72 58 82 72 80 84 82 72 82
2014-10-29-12h-05m-32s-female\12 44 87 44 101 44 49 54 44 58 51 53 51 76 52 83 46 87 52 83 53 72 68 62 74 73 75 50 90 69 83 71 89 63 101
2014-10-29-12h-05m-32s-female\13 45 89 45 92 45 50 54 45 59 51 53 52 77 53 84 47 89 53 84 54 72 69 64 75 75 76 52 88 70 84 75 88 69 92
2014-10-29-12h-05m-32s-female\14 44 87 44 84 44 48 52 44 57 49 51 51 76 51 83 46 87 51 82 52 70 68 62 73 74 73 49 84 68 82 75 83 67 84
2014-10-29-12h-05m-32s-female\15 45 89 45 87 45 49 54 45 59 51 53 51 77 53 84 46 89 52 84 53 72 67 63 73 75 74 51 83 69 83 77 83 68 87
2014-10-29-12h-05m-32s-female\16 46 91 46 85 46 50 55 46 60 52 54 52 79 54 86 48 91 53 86 54 73 70 64 75 77 75 54 85 71 82 79 84 70 85
2014-10-29-12h-05m-32s-female\17 43 85 43 75 43 43 49 44 54 44 49 45 75 45 81 46 85 46 81 47 68 60 59 65 71 65 48 74 65 73 73 74 65 75
2014-10-29-12h-05m-32s-female\18 48 95 48 101 48 53 54 48 61 53 54 54 81 52 86 48 95 51 86 54 65 70 62 76 74 76 61 89 67 85 86 90 71 101
2014-10-29-12h-05m-32s-female\19 49 97 49 94 49 54 55 49 62 54 55 55 82 53 88 49 97 53 88 55 67 71 64 78 75 78 63 89 69 86 87 89 71 94
2014-10-29-12h-05m-32s-female\20 49 97 49 89 49 54 55 50 62 55 55 56 82 54 88 49 97 53 89 55 68 72 64 77 76 77 60 87 69 87 89 87 70 89
2014-10-29-12h-05m-32s-female\21 49 97 49 91 49 54 55 50 62 55 55 56 82 54 88 49 97 53 89 55 68 72 64 77 76 77 60 85 70 86 90 84 72 91
2014-10-29-12h-05m-32s-female\22 47 94 47 85 47 52 52 48 59 53 52 54 79 53 86 47 94 52 86 54 65 71 61 76 73 76 57 84 66 83 84 85 67 85
2014-10-29-12h-05m-32s-female\23 46 92 46 78 46 46 51 47 57 46 52 48 79 46 84 47 92 46 85 48 64 62 59 67 72 67 56 77 65 76 82 76 66 78
2014-10-29-12h-05m-32s-female\24 52 103 52 106 52 56 60 52 66 57 59 59 87 58 94 52 103 57 95 59 76 76 69 81 83 81 62 93 76 90 89 94 76 106
2014-10-29-12h-05m-32s-female\25 52 103 52 97 52 55 60 52 67 57 60 57 88 57 95 52 103 56 95 58 77 75 70 81 83 81 62 92 76 90 89 92 76 97
2014-10-29-12h-05m-32s-female\26 52 103 52 92 52 55 61 52 67 57 60 58 87 58 95 52 103 57 96 59 76 75 69 81 83 81 61 90 76 90 89 90 76 92
2014-10-29-12h-05m-32s-female\27 51 101 51 93 51 55 59 51 66 57 58 57 87 57 94 52 101 57 95 58 75 75 68 80 81 81 59 88 74 89 88 88 74 93
2014-10-29-12h-05m-32s-female\28 52 103 52 92 52 56 60 52 67 58 59 58 88 59 95 53 103 57 96 59 77 76 69 81 83 81 61 90 76 90 89 91 76 92
2014-10-29-12h-05m-32s-female\29 48 95 48 81 48 48 54 50 60 49 54 51 83 50 89 51 95 50 89 52 70 66 63 71 77 71 56 80 70 80 82 80 70 81
2014-10-29-12h-05m-32s-female\30 43 85 43 93 43 46 53 43 57 48 52 49 74 49 81 45 85 49 81 50 70 67 62 72 73 72 48 85 67 81 67 86 62 93
2014-10-29-12h-05m-32s-female\31 43 85 43 87 43 46 52 43 57 47 52 48 75 49 82 44 85 48 81 50 69 66 60 71 72 71 48 83 66 81 71 82 65 87
2014-10-29-12h-05m-32s-female\32 44 87 44 84 44 47 54 44 58 50 53 50 75 51 82 46 87 50 82 52 70 68 62 73 72 73 51 83 66 82 71 83 65 84
2014-10-29-12h-05m-32s-female\33 43 85 43 85 43 46 53 43 57 49 51 49 74 50 80 45 85 49 80 51 69 67 60 72 71 72 46 79 64 80 70 80 62 85
2014-10-29-12h-05m-32s-female\34 43 85 43 83 43 46 53 43 57 48 51 49 74 50 81 45 85 49 81 51 69 67 60 72 71 72 48 82 65 81 72 81 65 83
2014-10-29-12h-05m-32s-female\35 41 81 41 76 41 41 47 42 52 42 47 43 72 44 77 45 81 44 77 46 64 60 56 65 67 65 45 74 60 74 67 74 60 76
2014-10-29-12h-05m-32s-female\36 48 96 48 98 48 52 54 48 61 53 54 54 80 53 87 48 96 52 87 54 66 70 62 76 74 76 60 86 69 85 88 87 73 98
2014-10-29-12h-05m-32s-female\37 49 98 49 92 49 52 56 50 62 53 55 55 83 53 90 49 98 52 90 55 69 72 64 77 78 77 62 86 71 86 88 87 74 92
2014-10-29-12h-05m-32s-female\38 50 100 50 89 50 53 57 50 64 54 57 55 84 54 92 50 100 53 92 55 71 73 66 78 79 78 62 86 74 87 90 86 75 89
2014-10-29-12h-05m-32s-female\39 51 101 51 92 51 55 58 52 65 56 58 57 86 55 92 51 101 54 93 57 73 74 67 79 82 79 63 85 74 87 94 84 75 92
2014-10-29-12h-05m-32s-female\40 50 100 50 88 50 53 57 50 64 54 56 56 85 54 91 50 100 53 92 56 72 73 66 77 79 78 62 86 73 86 90 86 73 88
2014-10-29-12h-05m-32s-female\41 47 94 47 81 47 47 53 49 58 48 53 50 81 48 87 49 94 47 87 50 67 65 62 69 75 69 59 78 69 79 83 78 69 81
2014-10-29-12h-05m-32s-female\42 52 104 52 103 52 55 61 53 67 56 60 57 89 56 96 52 104 55 97 57 77 75 70 81 83 81 62 92 76 91 87 92 75 103
2014-10-29-12h-05m-32s-female\43 53 106 53 97 53 56 63 53 69 57 62 58 90 58 98 53 106 56 99 59 79 77 72 82 85 82 65 92 78 92 89 92 78 97
2014-10-29-12h-05m-32s-female\44 53 105 53 93 53 56 62 53 68 57 62 58 90 58 97 54 105 57 97 59 79 77 72 82 85 82 64 90 78 91 91 90 78 93
2014-10-29-12h-05m-32s-female\45 53 105 53 95 53 55 62 53 69 57 61 58 90 58 97 54 105 57 98 59 79 77 71 82 85 82 63 89 78 89 89 89 77 95
2014-10-29-12h-05m-32s-female\46 53 105 53 90 53 54 63 53 69 57 61 57 90 57 98 53 105 56 98 58 78 75 72 80 84 80 64 89 78 88 90 89 78 90
2014-10-29-12h-05m-32s-female\47 48 95 48 82 48 48 55 50 60 49 55 51 83 49 89 51 95 50 89 52 71 66 64 71 77 71 57 80 70 80 82 80 70 82
2014-10-29-12h-05m-32s-female\48 46 91 46 96 46 47 57 46 61 50 55 51 79 52 86 48 91 51 86 53 71 70 62 74 73 75 46 85 66 83 67 87 60 96
2014-10-29-12h-05m-32s-female\49 47 93 47 90 47 48 57 47 62 51 56 52 80 53 88 49 93 51 88 54 72 71 63 75 75 76 51 85 68 84 73 85 66 90
2014-10-29-12h-05m-32s-female\50 47 93 47 86 47 48 58 47 62 51 56 52 81 52 88 48 93 51 88 53 72 71 63 75 75 75 52 83 68 84 75 84 67 86
2014-10-29-12h-05m-32s-female\51 46 91 46 87 46 48 55 46 60 50 54 51 78 52 85 48 91 51 85 53 70 70 61 74 74 75 50 82 66 83 73 82 65 87
2014-10-29-12h-05m-32s-female\52 46 91 46 85 46 48 56 46 61 51 54 51 79 52 86 49 91 51 86 54 71 71 62 75 74 75 51 83 67 83 74 84 66 85
2014-10-29-12h-05m-32s-female\53 46 91 46 82 46 46 54 48 60 48 54 50 80 49 86 50 91 49 86 52 71 67 63 71 74 71 50 80 67 80 72 80 66 82
